0.21913146972656, 0.21913146972656, 0.21913146972656, 0.21913146972656, 0.21913146972656, 0.21913146972656, 0.21913146972656, 0.21913146972656, 0.21913146972656, 0.21913146972656, 0.21913146972656, 0.21913146972656, 0.21913146972656, 0.21913146972656, 0.21913146972656, 0.21913146972656, 0.21913146972656, 0.21913146972656, 0.21913146972656, 0.21913146972656, 0.21913146972656, 0.21913146972656, 0.21913146972656, 0.21913146972656, 0.21913146972656, 0.21913146972656, 0.21913146972656, 0.21913146972656, 0.21913146972656, 0.21913146972656, 0.21913146972656, 0.21913146972656, 0.21913146972656, 0.21913146972656, 0.21913146972656, 0.21913146972656, 0.21913146972656, 0.21913146972656, 0.21913146972656, 0.21913146972656, 0.21913146972656, 0.21913146972656, 0.21913146972656, 0.21913146972656, 0.21913146972656, 0.21913146972656, 0.21913146972656, 0.21913146972656, 0.21913146972656, 0.21913146972656, 0.21913146972656, 0.21913146972656, 0.21913146972656, 0.21913146972656, 0.21913146972656, 0.21913146972656, 0.21913146972656, 0.21913146972656, 0.21913146972656, 0.21913146972656, 0.21913146972656, 0.21913146972656, 0.21913146972656, 0.21913146972656, 0.21913146972656, 0.21913146972656, 0.21913146972656, 0.21913146972656, 0.21913146972656, 0.21913146972656, 0.21913146972656, 0.21913146972656, 0.21913146972656, 0.21913146972656, 0.21913146972656, 0.21913146972656, 0.21913146972656, 0.21913146972656, 0.21913146972656, 0.21913146972656, 0.21913146972656, 0.21913146972656, 0.21913146972656, 0.21913146972656, 0.21913146972656, 0.21913146972656, 0.21913146972656, 0.21913146972656, 0.21913146972656, 0.21913146972656, 0.21913146972656, 0.21913146972656, 0.21913146972656, 0.21913146972656, 0.21913146972656, 0.21913146972656, 0.21913146972656, 0.21913146972656, 0.21913146972656, 0.21913146972656, 0.21913146972656, 0.21913146972656, 0.21913146972656, 0.21913146972656, 0.21913146972656, 0.21913146972656, 0.21913146972656, 0.21913146972656, 0.21913146972656, 0.21913146972656, 0.21913146972656, 0.21913146972656, 0.21913146972656, 0.21913146972656, 0.21913146972656, 0.21913146972656, 0.21913146972656, 0.21913146972656, 0.21913146972656, 0.21913146972656
0.21656596660614, 0.21468639373779, 0.21282601356506, 0.21098864078522, 0.20917403697967, 0.20738995075226, 0.20555651187897, 0.20376861095429, 0.20202672481537, 0.20033442974091, 0.19870316982269, 0.19712543487549, 0.19561278820038, 0.19417250156403, 0.19280099868774, 0.1915020942688, 0.19028747081757, 0.18915283679962, 0.1881023645401, 0.18713581562042, 0.18626093864441, 0.18547797203064, 0.18479025363922, 0.18419814109802, 0.18370151519775, 0.18330037593842, 0.18300247192383, 0.18280398845673, 0.18270063400269, 0.18270444869995, 0.18279993534088, 0.18300235271454, 0.18330037593842, 0.18370163440704, 0.18419432640076, 0.18478631973267, 0.18939340114594, 0.19579982757568, 0.20225203037262, 0.2087117433548, 0.21177935600281, 0.2119779586792, 0.21217656135559, 0.21237909793854, 0.21273815631866, 0.21308577060699, 0.21342206001282, 0.213742852211, 0.21404850482941, 0.21434259414673, 0.21461772918701, 0.21487355232239, 0.21511435508728, 0.21533584594727, 0.21553838253021, 0.21572172641754, 0.21662700176239, 0.218510389328, 0.22038984298706, 0.22226548194885, 0.22412216663361, 0.22596347332001, 0.22778558731079, 0.22956955432892, 0.23133075237274, 0.23304581642151, 0.23472309112549, 0.23634648323059, 0.23792052268982, 0.23944067955017, 0.24089622497559, 0.24229061603546, 0.24360847473145, 0.24485766887665, 0.24602663516998, 0.24711525440216, 0.24812376499176, 0.24904072284699, 0.24993455410004, 0.25092387199402, 0.25182950496674, 0.25264298915863, 0.25336503982544, 0.25399923324585, 0.25453805923462, 0.25498080253601, 0.25532078742981, 0.25556552410126, 0.25571060180664, 0.25575268268585, 0.25569522380829, 0.25553870201111, 0.25528657436371, 0.25492763519287, 0.25447273254394, 0.25392639636993, 0.25327742099762, 0.25253236293793, 0.25164985656738, 0.25067961215973, 0.24962151050568, 0.24847900867462, 0.24725675582886, 0.24596166610718, 0.2445901632309, 0.2431538105011, 0.2416524887085, 0.24009013175964, 0.23847043514252, 0.23680114746094, 0.23508965969086, 0.23333621025085, 0.2315446138382, 0.22972619533539, 0.2278813123703, 0.22601675987244, 0.22413372993469, 0.22224259376526, 0.22034776210785, 0.21845304965973
0.14585328102112, 0.13852977752686, 0.13126742839813, 0.12649476528168, 0.12271213531494, 0.11898684501648, 0.11532306671143, 0.11224257946014, 0.11299455165863, 0.11432957649231, 0.11625146865845, 0.11874139308929, 0.12180268764496, 0.1254243850708, 0.12960612773895, 0.13434815406799, 0.13963449001312, 0.14551973342895, 0.15220284461975, 0.15525639057159, 0.15362203121185, 0.15217208862305, 0.15091741085053, 0.14985108375549, 0.14898002147675, 0.14823603630066, 0.14765667915344, 0.14727675914764, 0.147092461586, 0.14710414409637, 0.14732265472412, 0.14782154560089, 0.14850807189941, 0.15319657325745, 0.16570699214935, 0.17842471599579, 0.19131529331207, 0.20456230640411, 0.21337854862213, 0.21419179439545, 0.2149897813797, 0.2157723903656, 0.21653592586517, 0.2172839641571, 0.21800529956818, 0.21870338916779, 0.21937477588654, 0.22001552581787, 0.22062933444977, 0.22121250629425, 0.22176492214203, 0.22227907180786, 0.22275865077972, 0.22320353984833, 0.22360646724701, 0.22397470474243, 0.22430074214935, 0.22458469867706, 0.22551286220551, 0.22927272319794, 0.23301708698273, 0.2367308139801, 0.24040234088898, 0.24402761459351, 0.24759185314179, 0.25102150440216, 0.25435924530029, 0.2576162815094, 0.26078522205353, 0.26385045051575, 0.26681232452393, 0.26965510845184, 0.27236378192902, 0.27494561672211, 0.27737772464752, 0.27966070175171, 0.28178596496582, 0.28374636173248, 0.28553402423859, 0.28714513778687, 0.28856492042541, 0.2898041009903, 0.29079377651215, 0.29154193401337, 0.29125428199768, 0.2908399105072, 0.29060971736908, 0.29038333892822, 0.29015707969666, 0.28993451595306, 0.28971970081329, 0.28950488567352, 0.28929769992828, 0.28909814357758, 0.28890252113342, 0.28871834278107, 0.28853809833527, 0.28783595561981, 0.28611719608307, 0.28421449661255, 0.28213119506836, 0.27977156639099, 0.27724730968475, 0.27456951141357, 0.27176511287689, 0.26902985572815, 0.26615619659424, 0.26179420948029, 0.24872350692749, 0.23607099056244, 0.22386336326599, 0.21212017536163, 0.20461213588715, 0.19745361804962, 0.19019889831543, 0.18287122249603, 0.17548990249634, 0.16807401180267, 0.16065049171448, 0.15323841571808
0.14700949192047, 0.13590848445892, 0.1274311542511, 0.12165069580078, 0.11594367027283, 0.11032962799072, 0.10481572151184, 0.099421858787537, 0.094155550003052, 0.089035749435425, 0.084070563316345, 0.079275369644165, 0.07466197013855, 0.07027268409729, 0.066084265708923, 0.062100648880005, 0.058337092399597, 0.05725908279419, 0.066134214401245, 0.075778484344482, 0.088077306747436, 0.10188698768616, 0.11585092544556, 0.12417781352997, 0.1241043806076, 0.12414300441742, 0.12429356575012, 0.12455642223358, 0.12501227855682, 0.12644577026367, 0.1270215511322, 0.12767839431763, 0.13233053684235, 0.15112829208374, 0.17016184329987, 0.18997979164123, 0.21015703678131, 0.21517622470856, 0.21712744235992, 0.21911358833313, 0.22046971321106, 0.22175252437592, 0.22299289703369, 0.22418689727783, 0.22533440589905, 0.22643184661865, 0.22747504711151, 0.22846412658691, 0.22939145565033, 0.23025703430176, 0.23183357715607, 0.23329412937164, 0.23461937904358, 0.23580551147461, 0.23684501647949, 0.23774516582489, 0.23849487304688, 0.23909378051758, 0.23954582214355, 0.24227750301361, 0.24783790111542, 0.25327789783478, 0.25857925415039, 0.26372992992401, 0.26871824264526, 0.27352106571197, 0.27813065052032, 0.28253138065338, 0.28670847415924, 0.29064559936523, 0.2943320274353, 0.2977591753006, 0.30144906044006, 0.30483412742615, 0.30393373966217, 0.30299866199493, 0.30261218547821, 0.30182015895844, 0.30098950862884, 0.30012774467468, 0.29923129081726, 0.29830396175384, 0.29734969139099, 0.29636824131012, 0.2954717874527, 0.29455602169037, 0.29362094402313, 0.29321527481079, 0.29290628433228, 0.29259312152862, 0.29226863384247, 0.29194021224976, 0.29160785675049, 0.29127168655396, 0.29092788696289, 0.29061877727509, 0.29034054279327, 0.29005455970764, 0.28976476192474, 0.28953313827515, 0.28951370716095, 0.28948652744293, 0.28944408893585, 0.28939378261566, 0.28933203220367, 0.28928959369659, 0.28933215141296, 0.28937458992004, 0.28062665462494, 0.27026736736298, 0.25964200496674, 0.24879586696625, 0.23776078224182, 0.22657465934753, 0.21527278423309, 0.20388984680176, 0.19246423244476, 0.18103492259979, 0.16962110996246, 0.15826511383057
0.15054631233215, 0.13534045219421, 0.12669944763184, 0.11909258365631, 0.11157178878784, 0.10416030883789, 0.096592545509338, 0.089134097099304, 0.081820249557495, 0.074666261672974, 0.067695736885071, 0.06092381477356, 0.054359555244446, 0.04813027381897, 0.045472502708435, 0.043423533439636, 0.041479825973511, 0.039641618728638, 0.037920355796814, 0.036316275596619, 0.034837126731873, 0.04279899597168, 0.060986518859863, 0.080192804336548, 0.10035490989685, 0.11105680465698, 0.11126756668091, 0.11162662506104, 0.11303162574768, 0.115318775177, 0.11773860454559, 0.11879622936249, 0.13626146316528, 0.16287934780121, 0.18996143341065, 0.20661890506744, 0.20916378498077, 0.21177077293396, 0.21443247795105, 0.21713721752167, 0.21988093852997, 0.22346770763397, 0.22725749015808, 0.23094165325165, 0.23468458652496, 0.23833394050598, 0.2418270111084, 0.24450051784515, 0.24699032306671, 0.24928534030914, 0.25138115882874, 0.25327801704407, 0.25496792793274, 0.25645101070404, 0.25771939754486, 0.25877332687378, 0.25960850715637, 0.26022899150848, 0.26081836223602, 0.26180565357208, 0.26934242248535, 0.27656662464142, 0.28363049030304, 0.29051160812378, 0.29720890522003, 0.30233728885651, 0.30673575401306, 0.31204390525818, 0.31827259063721, 0.32542681694031, 0.32655477523804, 0.32395160198212, 0.32169580459595, 0.31928372383118, 0.31671571731567, 0.31440901756287, 0.31230545043945, 0.3099285364151, 0.3083438873291, 0.30717694759369, 0.30596709251404, 0.30471432209015, 0.30347323417664, 0.30229842662811, 0.30108845233917, 0.29985129833221, 0.29858672618866, 0.29729878902435, 0.29684209823608, 0.29873132705688, 0.29864120483398, 0.29808330535889, 0.29706084728241, 0.29557752609253, 0.29471504688263, 0.29434430599213, 0.29396569728851, 0.29380190372467, 0.29380571842194, 0.29379391670227, 0.29376661777496, 0.29372382164001, 0.29367303848267, 0.29367303848267, 0.29364562034607, 0.29358720779419, 0.29350507259369, 0.29339194297791, 0.29331004619598, 0.29339194297791, 0.29348564147949, 0.2901873588562, 0.27495861053467, 0.25955784320831, 0.24402821063995, 0.22842049598694, 0.21278941631317, 0.19716608524322, 0.18150019645691, 0.16595089435577
0.15504050254822, 0.13661885261536, 0.12684464454651, 0.11716890335083, 0.10762405395508, 0.09822940826416, 0.089004516601563, 0.079973936080933, 0.071112871170044, 0.062105417251587, 0.053331613540649, 0.049757242202759, 0.046953678131104, 0.044182062149048, 0.041449546813965, 0.038761138916016, 0.035483121871948, 0.031434535980225, 0.027417182922363, 0.024502992630005, 0.022589206695557, 0.020877122879028, 0.019655227661133, 0.028899669647217, 0.053730964660644, 0.079847097396851, 0.098134517669678, 0.097387313842773, 0.099095344543457, 0.10178017616272, 0.10493159294128, 0.10908699035644, 0.14147067070007, 0.17648696899414, 0.19889426231384, 0.2035403251648, 0.20896124839783, 0.21431112289429, 0.21957397460938, 0.22474157810211, 0.22979879379273, 0.2348997592926, 0.24001204967499, 0.24497008323669, 0.24975478649139, 0.25435721874237, 0.25878965854645, 0.26315879821777, 0.2672632932663, 0.2725340127945, 0.27550709247589, 0.27171564102173, 0.2727118730545, 0.2744950056076, 0.27705323696137, 0.28037083148956, 0.28446686267853, 0.28927099704742, 0.29473125934601, 0.30247354507446, 0.3027149438858, 0.3010538816452, 0.29883968830109, 0.29607582092285, 0.29275834560394, 0.28886771202087, 0.28443157672882, 0.27945733070374, 0.27394926548004, 0.26894378662109, 0.26539671421051, 0.2723993062973, 0.28436017036438, 0.29744410514831, 0.31167435646057, 0.32705569267273, 0.32763290405273, 0.32482540607452, 0.31666052341461, 0.30810022354126, 0.29961061477661, 0.29199957847595, 0.28676033020019, 0.28218173980713, 0.2779746055603, 0.27413904666901, 0.27068340778351, 0.28268778324127, 0.30389285087585, 0.30367159843445, 0.33547735214233, 0.35006785392761, 0.3486762046814, 0.34661197662353, 0.34387588500977, 0.34047937393188, 0.33773112297058, 0.33361148834228, 0.3288426399231, 0.32363152503967, 0.31834888458252, 0.31254053115845, 0.30623769760132, 0.3002552986145, 0.3009672164917, 0.3018684387207, 0.30267906188965, 0.30340647697449, 0.30332756042481, 0.30268716812134, 0.30197548866272, 0.30119228363037, 0.30076551437378, 0.29671669006348, 0.27630209922791, 0.25577664375305, 0.23529529571533, 0.21492791175842, 0.19473075866699, 0.1747510433197
0.10082006454468, 0.079532623291016, 0.07300329208374, 0.067828416824341, 0.064010858535767, 0.061198472976685, 0.059635639190674, 0.059402942657471, 0.06050705909729, 0.057694673538208, 0.054693222045898, 0.050032377243042, 0.045315027236938, 0.041779518127441, 0.038235425949097, 0.034703731536865, 0.031203746795654, 0.028013467788696, 0.023296356201172, 0.014500856399536, 0.0059263706207275, -0.001824140548706, -0.0063605308532715, -0.010081291198731, -0.01135516166687, 0.018097162246704, 0.049562215805054, 0.064103603363037, 0.064260005950928, 0.065248250961304, 0.069274425506592, 0.087448120117188, 0.13416957855225, 0.18040084838867, 0.19706749916077, 0.20446515083313, 0.21168494224548, 0.21887755393982, 0.22879409790039, 0.23660087585449, 0.24367666244507, 0.2505030632019, 0.25722146034241, 0.26370227336884, 0.26989841461182, 0.27979052066803, 0.26943206787109, 0.2585836648941, 0.24865484237671, 0.23963475227356, 0.23970699310303, 0.24626851081848, 0.25191748142242, 0.26702535152435, 0.28221774101257, 0.29697597026825, 0.3112758398056, 0.32501327991486, 0.33816456794739, 0.35078501701355, 0.35304307937622, 0.35086131095886, 0.34794819355011, 0.34430396556854, 0.33993244171143, 0.33483386039734, 0.32901155948639, 0.32260680198669, 0.31618201732635, 0.3091424703598, 0.3014919757843, 0.29499101638794, 0.28918504714966, 0.28300511837006, 0.27645981311798, 0.26956462860107, 0.2716178894043, 0.28562068939209, 0.30218315124512, 0.29411458969116, 0.28551626205444, 0.27646374702454, 0.26701307296753, 0.25955200195313, 0.2542564868927, 0.24939441680908, 0.2451593875885, 0.24145913124085, 0.2708146572113, 0.31007075309753, 0.3552451133728, 0.39676308631897, 0.39620065689087, 0.3955135345459, 0.3947422504425, 0.3954291343689, 0.39630126953125, 0.39247632026672, 0.38643312454224, 0.379554271698, 0.37190794944763, 0.36510515213013, 0.35846734046936, 0.34894466400147, 0.33866310119629, 0.33014488220215, 0.32111597061157, 0.31474351882935, 0.31404852867126, 0.31326460838318, 0.31472325325012, 0.31622624397278, 0.31577205657959, 0.31344532966614, 0.29617595672607, 0.25893306732178, 0.22281098365784, 0.18893146514893, 0.15749478340149, 0.12815022468567
0.027754068374634, -0.00092935562133789, -0.0084664821624756, -0.014798641204834, -0.019955158233643, -0.02373194694519, -0.025038242340088, -0.025144815444946, -0.019021272659302, -0.0091097354888916, 0.0023224353790283, 0.015310764312744, 0.029899835586548, 0.044711112976074, 0.042503833770752, 0.033750295639038, 0.022830486297607, 0.0071675777435303, -0.003321647644043, -0.013360738754273, -0.022896528244019, -0.031940221786499, -0.041279077529907, -0.046144723892212, -0.050142526626587, -0.049593687057495, -0.010379076004028, 0.035257816314697, 0.039099931716919, 0.041979312896729, 0.045575857162476, 0.071863174438477, 0.1325364112854, 0.17721080780029, 0.19653153419495, 0.21226406097412, 0.22720146179199, 0.23599195480347, 0.24492907524109, 0.25363731384277, 0.26302456855774, 0.27210140228272, 0.28305792808533, 0.2746901512146, 0.2588632106781, 0.24509274959564, 0.24812769889832, 0.25935077667236, 0.26976644992828, 0.27934312820435, 0.28808772563934, 0.29598903656006, 0.30304634571075, 0.30879735946655, 0.32235836982727, 0.33959794044495, 0.34221601486206, 0.33839023113251, 0.33517909049988, 0.33270514011383, 0.33055448532104, 0.3294529914856, 0.3295431137085, 0.33082497119904, 0.33246374130249, 0.33470404148102, 0.33781230449677, 0.34004461765289, 0.34270691871643, 0.34629511833191, 0.34091711044312, 0.33030045032501, 0.31447815895081, 0.30479145050049, 0.30476224422455, 0.30159211158752, 0.29784440994263, 0.29352736473084, 0.28626918792725, 0.27879428863525, 0.27506303787231, 0.27928185462952, 0.2811164855957, 0.28187012672424, 0.28205442428589, 0.28490948677063, 0.2877848148346, 0.28963589668274, 0.31413817405701, 0.36794257164001, 0.41501259803772, 0.41434526443481, 0.41328859329224, 0.41184663772583, 0.41140866279602, 0.41094541549683, 0.41171598434448, 0.41262125968933, 0.41316962242126, 0.41364884376526, 0.41734743118286, 0.42073893547058, 0.42136549949646, 0.41134691238403, 0.3986337184906, 0.38563680648804, 0.37396764755249, 0.35626101493835, 0.33738255500794, 0.33991003036499, 0.33442544937134, 0.3116557598114, 0.29472327232361, 0.27735233306885, 0.25959634780884, 0.24199199676514, 0.20773792266846, 0.1582305431366, 0.11186051368713, 0.06843090057373
0.047591924667358, 0.01299524307251, -0.0029029846191406, -0.018913507461548, -0.035095691680908, -0.051420927047729, -0.067858457565308, -0.07787013053894, -0.081946134567261, -0.074841976165771, -0.064561367034912, -0.052924156188965, -0.038669586181641, -0.022964715957642, -0.0060114860534668, 0.0062377452850342, 0.016178131103516, 0.0020904541015625, -0.012437105178833, -0.037827253341675, -0.039075613021851, -0.031372308731079, -0.024770021438599, -0.018205881118774, -0.011168003082275, -0.0048339366912842, 0.018101215362549, 0.070727825164795, 0.095816135406494, 0.10096478462219, 0.1067042350769, 0.13978886604309, 0.20627737045288, 0.22838711738586, 0.23387503623962, 0.24770307540894, 0.25325751304626, 0.25945734977722, 0.26845574378967, 0.27837109565735, 0.29153728485107, 0.28451204299927, 0.26470637321472, 0.25489950180054, 0.27046155929565, 0.28407669067383, 0.29666447639465, 0.30889701843262, 0.32076048851013, 0.33160984516144, 0.34032726287842, 0.34662353992462, 0.35233759880066, 0.3571001291275, 0.36008238792419, 0.35559606552124, 0.34843719005585, 0.34250926971436, 0.33778870105743, 0.3333648443222, 0.3305332660675, 0.3294061422348, 0.3294689655304, 0.33083868026733, 0.33352839946747, 0.33756220340729, 0.33917045593262, 0.33353281021118, 0.32730317115784, 0.31570827960968, 0.30740559101105, 0.30365216732025, 0.30334198474884, 0.31201720237732, 0.29653453826904, 0.27873945236206, 0.28599882125854, 0.31413245201111, 0.35174608230591, 0.35347652435303, 0.35484623908997, 0.35886812210083, 0.36283445358276, 0.3674213886261, 0.37021589279175, 0.37080216407776, 0.37988781929016, 0.38768434524536, 0.39256882667541, 0.44590377807617, 0.47634959220886, 0.47501349449158, 0.47226142883301, 0.46859550476074, 0.46628761291504, 0.46216940879822, 0.45483899116516, 0.44591236114502, 0.44856405258179, 0.44917130470276, 0.44882345199585, 0.44829559326172, 0.45000076293945, 0.45271944999695, 0.43652820587158, 0.40497732162476, 0.37018299102783, 0.3702666759491, 0.369793176651, 0.3690390586853, 0.37137198448181, 0.37032103538513, 0.33909130096436, 0.29503107070923, 0.25148963928223, 0.21032047271728, 0.17753577232361, 0.15085625648498, 0.1221616268158, 0.091657161712646
0.098898410797119, 0.059355497360229, 0.03975248336792, 0.019332408905029, -0.0018706321716309, -0.023833513259888, -0.040904760360718, -0.049159049987793, -0.058319568634033, -0.064072132110596, -0.070339441299439, -0.077704191207886, -0.084698438644409, -0.079474925994873, -0.064557552337646, -0.048131227493286, -0.030449628829956, -0.0096812248229981, 0.022810220718384, 0.024740695953369, 0.018769502639771, 0.024916410446167, 0.031016826629639, 0.037543058395386, 0.044958591461182, 0.051532030105591, 0.057012557983398, 0.1073317527771, 0.1577205657959, 0.16456508636475, 0.17074251174927, 0.20379257202148, 0.27158689498901, 0.27671599388123, 0.28291988372803, 0.28781127929688, 0.29330968856812, 0.29880428314209, 0.30905723571777, 0.32031106948853, 0.29298329353332, 0.27043080329895, 0.28754949569702, 0.30508899688721, 0.3214635848999, 0.33667802810669, 0.35068011283875, 0.36154711246491, 0.37020170688629, 0.37675368785858, 0.36236369609833, 0.34889531135559, 0.33580029010773, 0.32414186000824, 0.31893610954285, 0.32130885124206, 0.32117140293121, 0.32213473320007, 0.32233715057373, 0.31867802143097, 0.31594002246857, 0.31371319293976, 0.31066954135895, 0.30681264400482, 0.30204105377197, 0.29600071907044, 0.29101467132568, 0.29317235946655, 0.3015855550766, 0.31043326854706, 0.31000745296478, 0.30373001098633, 0.28239965438843, 0.26593017578125, 0.2784948348999, 0.30665850639343, 0.33609795570374, 0.3417592048645, 0.359699010849, 0.41287302970886, 0.46665763854981, 0.50090265274048, 0.51746702194214, 0.53254818916321, 0.54885816574097, 0.55973482131958, 0.56926488876343, 0.57779407501221, 0.57355070114136, 0.56996083259582, 0.56848335266113, 0.57204651832581, 0.57106566429138, 0.57073092460632, 0.56845235824585, 0.56483697891235, 0.55779528617859, 0.5534234046936, 0.53057336807251, 0.5008556842804, 0.50689125061035, 0.50836586952209, 0.48816108703613, 0.44367051124573, 0.41681957244873, 0.4193000793457, 0.42536187171936, 0.42932081222534, 0.41522860527039, 0.39005327224731, 0.36620283126831, 0.34578323364258, 0.33866906166077, 0.31749653816223, 0.29468083381653, 0.28379225730896, 0.29236435890198, 0.28260612487793, 0.21984505653381, 0.15866231918335
0.14253211021423, 0.096927165985107, 0.083886861801148, 0.071321725845337, 0.054421663284302, 0.027597427368164, 0.017033815383911, 0.0057430267333984, -0.0046935081481934, -0.016466856002808, -0.029249906539917, -0.042878150939941, -0.057892322540283, -0.06824803352356, -0.079848527908325, -0.089253187179565, -0.064631223678589, -0.030401229858398, 0.011025428771973, 0.054508924484253, 0.088624954223633, 0.087579250335693, 0.09330940246582, 0.10273170471191, 0.11409687995911, 0.12463450431824, 0.13319849967957, 0.16347432136536, 0.23696088790894, 0.2455108165741, 0.2506959438324, 0.29123115539551, 0.34553265571594, 0.34786152839661, 0.34754729270935, 0.34613919258118, 0.34262847900391, 0.34160494804382, 0.35137391090393, 0.32053756713867, 0.31741714477539, 0.33363604545593, 0.34841084480286, 0.36175632476807, 0.37484359741211, 0.38926100730896, 0.39612817764282, 0.37430417537689, 0.35400390625, 0.34135353565216, 0.35225856304169, 0.3617205619812, 0.36969029903412, 0.37635886669159, 0.38125061988831, 0.38253486156464, 0.37142622470856, 0.36014449596405, 0.34990799427032, 0.34205615520477, 0.33750510215759, 0.33422434329987, 0.3324761390686, 0.33228039741516, 0.33364927768707, 0.33812034130096, 0.33377778530121, 0.32866740226746, 0.32001197338104, 0.29271042346954, 0.26915955543518, 0.25866651535034, 0.26666164398193, 0.28206086158752, 0.30849552154541, 0.32068467140198, 0.34695792198181, 0.39506578445435, 0.46429181098938, 0.52089071273804, 0.55603361129761, 0.59368276596069, 0.60932970046997, 0.64102387428284, 0.62151122093201, 0.60920214653015, 0.59993505477905, 0.59412980079651, 0.58774137496948, 0.58507537841797, 0.58491992950439, 0.62309098243713, 0.63815855979919, 0.63938570022583, 0.64058971405029, 0.64021348953247, 0.64164400100708, 0.58899426460266, 0.57169485092163, 0.57373595237732, 0.58006763458252, 0.53223896026611, 0.49582576751709, 0.49323630332947, 0.49519777297974, 0.50034737586975, 0.4963219165802, 0.45033121109009, 0.40643167495728, 0.38888025283813, 0.37897896766663, 0.39909958839416, 0.41906809806824, 0.4323468208313, 0.43002581596375, 0.42586827278137, 0.42078638076782, 0.39178919792175, 0.31706261634827, 0.2308943271637
0.18097639083862, 0.12285375595093, 0.094764471054077, 0.065169095993042, 0.039089441299438, 0.03180193901062, 0.031948804855347, 0.032749652862549, 0.035065174102783, 0.038508653640747, 0.029453754425049, 0.010300397872925, -0.0075852870941162, -0.027246952056885, -0.035051107406616, -0.042312145233154, -0.047640562057495, -0.053073883056641, -0.01924467086792, 0.036160469055176, 0.10181832313538, 0.1717529296875, 0.18507885932922, 0.19510316848755, 0.20524263381958, 0.21595549583435, 0.2248957157135, 0.2320864200592, 0.31364321708679, 0.33732962608337, 0.34241580963135, 0.39483141899109, 0.43949484825134, 0.44177556037903, 0.44035983085632, 0.44444370269775, 0.44067192077637, 0.44176506996155, 0.38245177268982, 0.36956977844238, 0.3831160068512, 0.40107870101929, 0.41692781448364, 0.42859601974487, 0.42199969291687, 0.38872337341309, 0.36616897583008, 0.38302063941956, 0.39888155460358, 0.41365826129913, 0.41789436340332, 0.40331709384918, 0.3903660774231, 0.37854194641113, 0.36778545379639, 0.36636078357697, 0.36446142196655, 0.36030566692352, 0.3544225692749, 0.34697067737579, 0.34015834331512, 0.33188128471375, 0.31336951255798, 0.29590439796448, 0.28823232650757, 0.29309451580048, 0.29918313026428, 0.30701994895935, 0.29486036300659, 0.28159475326538, 0.27349758148193, 0.26715874671936, 0.26004266738892, 0.27462410926819, 0.302574634552, 0.35431718826294, 0.44340920448303, 0.51282596588135, 0.55785393714905, 0.5927402973175, 0.62928414344788, 0.66602492332458, 0.6581699848175, 0.65128064155579, 0.64341139793396, 0.62822198867798, 0.62532901763916, 0.62434911727905, 0.62011885643005, 0.61987686157227, 0.62034797668457, 0.63583540916443, 0.68399286270142, 0.69078993797302, 0.71928191184998, 0.71952033042908, 0.72605299949646, 0.7326807975769, 0.72672510147095, 0.68618130683899, 0.60816764831543, 0.57808256149292, 0.57878732681274, 0.58776473999023, 0.59535431861877, 0.55945038795471, 0.51616358757019, 0.4610755443573, 0.41438293457031, 0.37146139144898, 0.38381123542786, 0.41733837127686, 0.4466187953949, 0.48094272613525, 0.4999852180481, 0.50141334533691, 0.50377058982849, 0.5234055519104, 0.40109157562256, 0.28734922409058
0.18190312385559, 0.13359618186951, 0.11618328094482, 0.099037170410156, 0.082256317138672, 0.076904773712158, 0.073319435119629, 0.060581207275391, 0.03898811340332, 0.020177364349365, 0.016176462173462, 0.022531032562256, 0.031084060668945, 0.042646408081055, 0.030230045318603, 0.016171932220459, 0.0070240497589111, 0.012773990631104, 0.025829315185547, 0.054787635803223, 0.12555050849915, 0.20021772384644, 0.27958583831787, 0.29371333122253, 0.30339431762695, 0.31434345245361, 0.32351112365723, 0.33071970939636, 0.3956778049469, 0.4392466545105, 0.44127583503723, 0.50742793083191, 0.54244208335876, 0.54225254058838, 0.54593539237976, 0.55035042762756, 0.55548715591431, 0.48885607719421, 0.46904397010803, 0.47648978233337, 0.48161840438843, 0.48259735107422, 0.48049259185791, 0.43777704238892, 0.41127038002014, 0.42959475517273, 0.4469211101532, 0.45235347747803, 0.43402051925659, 0.41691625118256, 0.41176962852478, 0.42189133167267, 0.42768323421478, 0.41402208805084, 0.40093374252319, 0.3881094455719, 0.37522947788238, 0.3621324300766, 0.35025644302368, 0.3395631313324, 0.32453715801239, 0.3174124956131, 0.30919241905212, 0.29910349845886, 0.28869497776032, 0.27899980545044, 0.26879715919495, 0.26879787445068, 0.26301765441894, 0.26250553131103, 0.24571013450623, 0.22838401794434, 0.25827670097351, 0.30937266349793, 0.36544370651245, 0.47690916061401, 0.53125023841858, 0.61074590682983, 0.66172409057617, 0.65733242034912, 0.64402604103088, 0.6349880695343, 0.67175126075745, 0.67474627494812, 0.65852570533752, 0.70255541801453, 0.70043635368347, 0.69815921783447, 0.69540333747864, 0.69373989105225, 0.69413542747498, 0.69449138641357, 0.70456504821777, 0.745445728302, 0.8002245426178, 0.80894446372986, 0.81828308105469, 0.82560086250305, 0.79395246505737, 0.73163485527039, 0.66641449928284, 0.67578625679016, 0.68905544281006, 0.6574170589447, 0.61212372779846, 0.57143616676331, 0.53430104255676, 0.52491021156311, 0.47331047058106, 0.39995145797729, 0.34978032112122, 0.37908935546875, 0.41022181510925, 0.46520829200745, 0.5396614074707, 0.52829909324646, 0.51370978355408, 0.50369119644165, 0.39907741546631, 0.28549671173096
0.17720794677734, 0.1263439655304, 0.10678458213806, 0.088064193725586, 0.071232318878174, 0.065057992935181, 0.059002637863159, 0.05413007736206, 0.047847986221313, 0.039690256118774, 0.041090250015259, 0.038145065307617, 0.029829740524292, 0.035632610321045, 0.062053442001343, 0.092286109924316, 0.10224676132202, 0.11153602600098, 0.12696266174316, 0.13874125480652, 0.15364122390747, 0.23056101799011, 0.31954073905945, 0.41781902313232, 0.44197106361389, 0.45989966392517, 0.47679138183594, 0.48885297775269, 0.5317714214325, 0.6006875038147, 0.60047817230225, 0.68014335632324, 0.70012331008911, 0.69365692138672, 0.69015789031982, 0.68408823013306, 0.62573051452637, 0.57435464859009, 0.58382844924927, 0.58860540390015, 0.5942850112915, 0.55889081954956, 0.49399709701538, 0.49149870872498, 0.50702810287476, 0.50368881225586, 0.47338247299194, 0.45944333076477, 0.47422575950623, 0.46250927448273, 0.44478595256805, 0.42249715328217, 0.41499018669128, 0.42185711860657, 0.42486464977264, 0.41337966918945, 0.40037715435028, 0.39051067829132, 0.38159561157227, 0.37431204319, 0.36183869838715, 0.337970495224, 0.31498241424561, 0.2948112487793, 0.2950199842453, 0.29721093177795, 0.30047583580017, 0.27882981300354, 0.26006650924683, 0.24237012863159, 0.23434233665466, 0.27129244804382, 0.32390260696411, 0.41891980171204, 0.5862123966217, 0.66671943664551, 0.67101120948792, 0.66518902778625, 0.66281986236572, 0.70268440246582, 0.69059991836548, 0.65817666053772, 0.70354104042053, 0.69695162773132, 0.68660092353821, 0.68792366981506, 0.73181629180908, 0.72342395782471, 0.71896767616272, 0.71470165252686, 0.71497011184692, 0.71809649467468, 0.72348189353943, 0.734210729599, 0.78175568580627, 0.80379152297974, 0.83502316474914, 0.85847783088684, 0.82617259025574, 0.76054310798645, 0.74442863464356, 0.76505184173584, 0.73548769950867, 0.68514776229858, 0.63783526420593, 0.64631938934326, 0.61418271064758, 0.57375335693359, 0.52718925476074, 0.44381976127625, 0.37036871910095, 0.36620044708252, 0.41248226165772, 0.46552872657776, 0.52754783630371, 0.54001903533936, 0.51802349090576, 0.50127410888672, 0.41009950637817, 0.28814649581909
0.26823210716248, 0.22029137611389, 0.17728900909424, 0.13267683982849, 0.099154233932495, 0.07887077331543, 0.055716276168823, 0.03942608833313, 0.026256084442139, 0.013015747070313, 0.0010223388671875, 0.018602848052978, 0.045132398605347, 0.0735182762146, 0.090532302856445, 0.10945153236389, 0.16833806037903, 0.22667860984802, 0.23437261581421, 0.24797534942627, 0.28902387619019, 0.32712054252625, 0.4280469417572, 0.53849363327026, 0.62297892570496, 0.64194488525391, 0.62560486793518, 0.61273503303528, 0.59353709220886, 0.58544158935547, 0.58178973197937, 0.58257007598877, 0.58918213844299, 0.60170698165894, 0.62461543083191, 0.65203046798706, 0.68737959861755, 0.73050093650818, 0.72371292114258, 0.71617984771729, 0.67099547386169, 0.62352895736694, 0.62822723388672, 0.60794425010681, 0.54866480827331, 0.53342771530151, 0.53617358207703, 0.50716114044189, 0.47876620292664, 0.48887157440186, 0.48819363117218, 0.46578025817871, 0.44287896156311, 0.42529571056366, 0.41068828105927, 0.39713096618652, 0.38418483734131, 0.37499749660492, 0.36671793460846, 0.3593213558197, 0.34651815891266, 0.32164943218231, 0.29789817333221, 0.27889966964722, 0.27490401268005, 0.27152991294861, 0.27061557769775, 0.26179981231689, 0.25121355056763, 0.21290135383606, 0.2322793006897, 0.27714037895203, 0.32761383056641, 0.58477234840393, 0.69861149787903, 0.70618009567261, 0.70031380653381, 0.73728275299072, 0.72430467605591, 0.68773698806763, 0.72727251052856, 0.72312474250794, 0.7175440788269, 0.79195189476013, 0.7798638343811, 0.7664167881012, 0.75516748428345, 0.74875211715698, 0.74518513679504, 0.74282789230347, 0.74426913261414, 0.74724698066711, 0.75421261787415, 0.76420187950134, 0.7750678062439, 0.80067992210388, 0.84578371047974, 0.8446249961853, 0.81379771232605, 0.79190850257874, 0.77192211151123, 0.7554497718811, 0.74145770072937, 0.74970078468323, 0.73852300643921, 0.68967413902283, 0.68990993499756, 0.64072918891907, 0.57645201683044, 0.50202870368957, 0.41256082057953, 0.32227897644043, 0.36577427387237, 0.41238379478455, 0.46664071083069, 0.49003648757935, 0.46705675125122, 0.4459171295166, 0.40092921257019, 0.33280181884766
0.25759530067444, 0.23024034500122, 0.20431447029114, 0.17875170707703, 0.16377687454224, 0.15125870704651, 0.14003825187683, 0.11950993537903, 0.083972692489624, 0.044963121414185, 0.013244390487671, 0.0035107135772705, 0.022155284881592, 0.061461210250854, 0.12884736061096, 0.19771695137024, 0.237473487854, 0.25715184211731, 0.362553358078, 0.43928956985474, 0.47800087928772, 0.51422953605652, 0.54536747932434, 0.60572099685669, 0.57425856590271, 0.55422472953796, 0.53060555458069, 0.51668882369995, 0.49978852272034, 0.48450922966003, 0.48168075084686, 0.47915530204773, 0.48411631584168, 0.49594902992249, 0.51820874214172, 0.54480576515198, 0.58075261116028, 0.61972451210022, 0.66823983192444, 0.72559142112732, 0.77385687828064, 0.76725268363953, 0.71032309532166, 0.66236901283264, 0.64709615707398, 0.59111404418945, 0.57343149185181, 0.58017659187317, 0.54880285263062, 0.51792407035828, 0.49086356163025, 0.46530973911285, 0.44068312644959, 0.41838467121124, 0.40304565429688, 0.38867664337158, 0.37524557113648, 0.36604356765747, 0.3585022687912, 0.35162806510925, 0.34489274024963, 0.33787286281586, 0.33142471313477, 0.32549715042114, 0.3204562664032, 0.31574726104736, 0.2889142036438, 0.26266479492188, 0.23465728759766, 0.25151944160461, 0.29772543907166, 0.34961652755737, 0.5106406211853, 0.66932582855225, 0.72008562088013, 0.77286267280579, 0.76819324493408, 0.73215818405151, 0.75856304168701, 0.74980235099793, 0.75237321853638, 0.82553482055664, 0.81574845314026, 0.79082107543945, 0.83442306518555, 0.81451773643494, 0.80092310905456, 0.79232430458069, 0.78701448440552, 0.78434801101685, 0.78625130653381, 0.78913688659668, 0.80206179618835, 0.81382846832275, 0.83161354064941, 0.82467865943909, 0.84638094902039, 0.83044266700745, 0.81355381011963, 0.79078555107117, 0.77175998687744, 0.71494793891907, 0.7357292175293, 0.75148749351501, 0.76843428611755, 0.76895761489868, 0.72378206253052, 0.69282221794128, 0.5893919467926, 0.49325656890869, 0.40503633022308, 0.32903277873993, 0.34792685508728, 0.39947021007538, 0.45535755157471, 0.4772914648056, 0.43633425235748, 0.3996160030365, 0.35890197753906, 0.30322504043579
0.25220036506653, 0.22884130477905, 0.20093989372253, 0.17308688163757, 0.15872001647949, 0.14578056335449, 0.13220047950745, 0.12126851081848, 0.11165356636047, 0.10174798965454, 0.11340355873108, 0.11287021636963, 0.090184926986694, 0.11043190956116, 0.15615272521973, 0.22483730316162, 0.29492259025574, 0.40991997718811, 0.48535895347595, 0.584223985672, 0.63459515571594, 0.58807277679443, 0.55333733558655, 0.52312803268433, 0.4949643611908, 0.47245752811432, 0.45227372646332, 0.43396639823914, 0.42029845714569, 0.40329897403717, 0.39506089687347, 0.38945758342743, 0.39323818683624, 0.40459525585175, 0.42560827732086, 0.45474660396576, 0.48742246627808, 0.52717208862305, 0.57353258132935, 0.62093782424927, 0.67989253997803, 0.75000476837158, 0.81951189041138, 0.75749826431274, 0.71840167045593, 0.69696283340454, 0.63647603988648, 0.59572553634644, 0.56039452552795, 0.52950716018677, 0.50048947334289, 0.47284066677094, 0.44563639163971, 0.41831076145172, 0.40094327926636, 0.38643038272858, 0.37311685085297, 0.36294305324554, 0.35542380809784, 0.34921002388, 0.34360694885254, 0.33867657184601, 0.33419036865234, 0.32825422286987, 0.32218241691589, 0.31609797477722, 0.27772259712219, 0.25313305854797, 0.23019170761108, 0.26011300086975, 0.30930423736572, 0.42032337188721, 0.63068199157715, 0.67753839492798, 0.72840476036072, 0.74439358711243, 0.75423789024353, 0.76800680160523, 0.76767325401306, 0.78979015350342, 0.82116961479187, 0.80662369728088, 0.82420873641968, 0.82272744178772, 0.80204820632935, 0.81944584846497, 0.79386115074158, 0.77681684494019, 0.79061222076416, 0.78343343734741, 0.75442695617676, 0.73944139480591, 0.76257252693176, 0.77100658416748, 0.7888913154602, 0.81484770774841, 0.82174396514893, 0.81132555007935, 0.80339026451111, 0.79318571090698, 0.74842810630798, 0.71455764770508, 0.68769335746765, 0.69097828865051, 0.71837997436523, 0.76567769050598, 0.74665796756744, 0.72595846652985, 0.66636955738068, 0.56087589263916, 0.46291768550873, 0.37709593772888, 0.32972145080566, 0.35470223426819, 0.38136506080627, 0.40410137176514, 0.37650918960571, 0.34835314750671, 0.32423949241638, 0.29077434539795
0.2554407119751, 0.23116612434387, 0.20289039611816, 0.17548227310181, 0.16713118553162, 0.15543580055237, 0.14025735855103, 0.12378001213074, 0.10872936248779, 0.10566973686218, 0.11886477470398, 0.13329672813416, 0.18671274185181, 0.25502562522888, 0.29807996749878, 0.30864667892456, 0.38183164596558, 0.50815773010254, 0.63611173629761, 0.61020088195801, 0.56212830543518, 0.5227587223053, 0.48397445678711, 0.45397746562958, 0.43022167682648, 0.40161347389221, 0.38434648513794, 0.36552000045776, 0.35098564624786, 0.33310770988464, 0.31900787353516, 0.31827878952026, 0.31959402561188, 0.32430911064148, 0.34688603878021, 0.37506401538849, 0.40741789340973, 0.44399106502533, 0.48254323005676, 0.52973866462707, 0.58777976036072, 0.65647220611572, 0.73714375495911, 0.83508038520813, 0.80542778968811, 0.73621082305908, 0.67055583000183, 0.61436891555786, 0.5805938243866, 0.54679250717163, 0.51486325263977, 0.48399257659912, 0.45479261875153, 0.42714738845825, 0.4063241481781, 0.39146447181702, 0.37733244895935, 0.36591041088104, 0.37664878368378, 0.39104735851288, 0.40121352672577, 0.39659583568573, 0.3927583694458, 0.37525224685669, 0.35510444641113, 0.32983994483948, 0.29153656959534, 0.26226043701172, 0.24873924255371, 0.2892496585846, 0.33951735496521, 0.53753995895386, 0.65151476860046, 0.70000004768372, 0.72675585746765, 0.73221945762634, 0.74399733543396, 0.75867915153503, 0.77348875999451, 0.78379321098328, 0.7908878326416, 0.79715585708618, 0.79733157157898, 0.76851606369019, 0.75636553764343, 0.75162363052368, 0.76205325126648, 0.74700236320496, 0.7540876865387, 0.73797106742859, 0.70368003845215, 0.67056393623352, 0.6997332572937, 0.71030879020691, 0.74550843238831, 0.77258372306824, 0.78616666793823, 0.79169964790344, 0.77946591377258, 0.75298118591309, 0.69216656684875, 0.61007595062256, 0.62154173851013, 0.64811968803406, 0.65605056285858, 0.6826399564743, 0.69827258586884, 0.71208369731903, 0.7262818813324, 0.63799822330475, 0.53187787532806, 0.4235428571701, 0.31049835681915, 0.32512295246124, 0.3427027463913, 0.36545693874359, 0.32962048053741, 0.29862117767334, 0.28064012527466, 0.26805472373962
0.22215795516968, 0.21469926834106, 0.20681142807007, 0.18189334869385, 0.17356777191162, 0.16479730606079, 0.15268397331238, 0.13304734230042, 0.11312675476074, 0.11971378326416, 0.13465166091919, 0.15841364860535, 0.22810697555542, 0.30128598213196, 0.37864494323731, 0.4857771396637, 0.59748196601868, 0.64814305305481, 0.60342264175415, 0.5486900806427, 0.50140881538391, 0.46253430843353, 0.42967021465302, 0.39710819721222, 0.36992514133453, 0.34648525714874, 0.32449102401733, 0.3093181848526, 0.30719316005707, 0.30592834949493, 0.30550920963287, 0.30592834949493, 0.30719316005707, 0.30931806564331, 0.31233632564545, 0.31628704071045, 0.33318495750427, 0.36536049842835, 0.402423620224, 0.45041942596436, 0.5085723400116, 0.57648801803589, 0.65148639678955, 0.74199628829956, 0.85351538658142, 0.78227949142456, 0.7149498462677, 0.65389537811279, 0.60363245010376, 0.56606006622314, 0.53097701072693, 0.49949264526367, 0.46934151649475, 0.44055080413818, 0.41523838043213, 0.39897775650024, 0.38379311561585, 0.37080883979797, 0.37981522083282, 0.39555144309998, 0.40739154815674, 0.40511465072632, 0.40275526046753, 0.38239359855652, 0.36185836791992, 0.33479619026184, 0.29978847503662, 0.26956582069397, 0.28155541419983, 0.33098721504211, 0.4276487827301, 0.64719009399414, 0.69102692604065, 0.72899627685547, 0.70949459075928, 0.69606161117554, 0.70390963554382, 0.76123046875, 0.770503282547, 0.76993250846863, 0.77089071273804, 0.77494549751282, 0.78453373908997, 0.75957107543945, 0.72033452987671, 0.68772602081299, 0.6315975189209, 0.5979733467102, 0.57527017593384, 0.56329607963562, 0.55929470062256, 0.56665301322937, 0.60458135604858, 0.66165828704834, 0.69882130622864, 0.71556186676025, 0.72523260116577, 0.70874285697937, 0.68457078933716, 0.64073848724365, 0.61799335479736, 0.58676171302795, 0.57051062583923, 0.60390257835388, 0.63074326515198, 0.64218521118164, 0.67709279060364, 0.71100986003876, 0.72044789791107, 0.63424575328827, 0.48187649250031, 0.35664367675781, 0.26220762729645, 0.28604197502136, 0.3201664686203, 0.35812246799469, 0.32762718200684, 0.28326082229614, 0.25435709953308, 0.23696374893188
0.2129716873169, 0.20405316352844, 0.19750499725342, 0.19139862060547, 0.18520569801331, 0.17681646347046, 0.16375398635864, 0.14632415771484, 0.13020968437195, 0.14874696731567, 0.16435432434082, 0.20780682563782, 0.27790689468384, 0.3526656627655, 0.44231295585632, 0.58412742614746, 0.68710422515869, 0.61342740058899, 0.549640417099, 0.49500226974487, 0.4492826461792, 0.41121184825897, 0.37949872016907, 0.35097372531891, 0.32341599464416, 0.30530691146851, 0.30149102210999, 0.29858076572418, 0.29652738571167, 0.29530906677246, 0.29490518569946, 0.29530906677246, 0.29652786254883, 0.2985805273056, 0.30149102210999, 0.30530714988709, 0.31008088588715, 0.31588518619537, 0.33251941204071, 0.38134002685547, 0.43717920780182, 0.50252997875214, 0.57671761512756, 0.66290974617004, 0.76092886924744, 0.83212685585022, 0.76263618469238, 0.69258308410644, 0.62599182128906, 0.58689832687378, 0.55212068557739, 0.51936101913452, 0.48721694946289, 0.45632934570313, 0.42751574516296, 0.411700963974, 0.39630436897278, 0.38214135169983, 0.3881471157074, 0.4041051864624, 0.4163281917572, 0.41424441337585, 0.41268277168274, 0.39243054389954, 0.37351012229919, 0.34290814399719, 0.31041479110718, 0.27872014045715, 0.3161952495575, 0.37974047660828, 0.52211976051331, 0.63364839553833, 0.67747116088867, 0.70160794258118, 0.70770382881165, 0.70140910148621, 0.70726799964905, 0.77119374275207, 0.76687407493591, 0.76554489135742, 0.76445579528809, 0.76759123802185, 0.7741482257843, 0.71109676361084, 0.61298775672913, 0.55141997337341, 0.49986720085144, 0.46211743354797, 0.43685960769653, 0.42556405067444, 0.42193293571472, 0.43980860710144, 0.46910524368286, 0.52498173713684, 0.57765078544617, 0.63955020904541, 0.63359999656677, 0.60807394981384, 0.58270382881165, 0.5771541595459, 0.59833788871765, 0.60351872444153, 0.55995202064514, 0.55679798126221, 0.58752858638763, 0.62215828895569, 0.65962076187134, 0.68071246147156, 0.7005318403244, 0.70028531551361, 0.54412865638733, 0.40400362014771, 0.28288555145264, 0.26840484142304, 0.29742908477783, 0.31641411781311, 0.30309629440308, 0.26778674125671, 0.24216222763062, 0.22748923301697
0.22377395629883, 0.21368980407715, 0.20819187164307, 0.2017457485199, 0.19544720649719, 0.18877053260803, 0.18586897850037, 0.18554830551148, 0.17932295799255, 0.19712924957275, 0.21319961547852, 0.2706823348999, 0.34084391593933, 0.41135358810425, 0.54176378250122, 0.68904542922974, 0.63591599464417, 0.56554436683655, 0.50716328620911, 0.45339572429657, 0.40589189529419, 0.3661835193634, 0.33539962768555, 0.30915749073029, 0.30049932003021, 0.29587233066559, 0.2921769618988, 0.28935515880585, 0.28736627101898, 0.28618252277374, 0.28578996658325, 0.28618252277374, 0.28736627101898, 0.28935492038727, 0.29217672348023, 0.29587233066559, 0.30049932003021, 0.3061249256134, 0.31283712387085, 0.3207505941391, 0.37204670906067, 0.4377316236496, 0.51073932647705, 0.59280252456665, 0.68621802330017, 0.7968647480011, 0.81022214889526, 0.738689661026, 0.67117547988892, 0.61793947219849, 0.58039331436157, 0.54425621032715, 0.51057720184326, 0.48090958595276, 0.45423865318298, 0.42797493934631, 0.40056800842285, 0.3748984336853, 0.37904214859009, 0.40494966506958, 0.42690825462341, 0.42573046684265, 0.4264030456543, 0.39696145057678, 0.3741250038147, 0.32973670959473, 0.28667998313904, 0.25554490089416, 0.29594349861145, 0.36304545402527, 0.59345436096191, 0.661780834198, 0.6929395198822, 0.69325661659241, 0.68405055999756, 0.66573452949524, 0.65056872367859, 0.66816401481628, 0.69918298721313, 0.73478627204895, 0.74119305610657, 0.76186609268188, 0.69143009185791, 0.58825826644898, 0.51054406166077, 0.4404308795929, 0.38764977455139, 0.34044790267944, 0.30589747428894, 0.29414820671081, 0.29397964477539, 0.30776309967041, 0.34028458595276, 0.39463996887207, 0.45185017585754, 0.51429057121277, 0.59911704063416, 0.64507603645325, 0.5795271396637, 0.60385274887085, 0.60866403579712, 0.56895852088928, 0.50310134887695, 0.49809527397156, 0.52837038040161, 0.5613728761673, 0.59422755241394, 0.61252439022064, 0.63039720058441, 0.6696070432663, 0.51261782646179, 0.3380286693573, 0.22697603702545, 0.21321940422058, 0.25581634044647, 0.30598497390747, 0.32509469985962, 0.28881645202637, 0.26048493385315, 0.24174642562866
0.18722128868103, 0.17166209220886, 0.16183257102966, 0.1657543182373, 0.1906328201294, 0.20618438720703, 0.20823121070862, 0.20717024803162, 0.21776795387268, 0.23996901512146, 0.26510691642761, 0.32774567604065, 0.39478278160095, 0.47381544113159, 0.56760168075562, 0.66946721076965, 0.5931510925293, 0.52791953086853, 0.46976435184479, 0.41743791103363, 0.37365174293518, 0.33238172531128, 0.30429828166962, 0.29776895046234, 0.29229629039764, 0.2877961397171, 0.28420066833496, 0.2814564704895, 0.2795205116272, 0.27837193012237, 0.27799010276794, 0.27837181091309, 0.27952039241791, 0.2814564704895, 0.28420054912567, 0.2877961397171, 0.29229617118835, 0.29776871204376, 0.30429804325104, 0.31199681758881, 0.32099509239197, 0.37965130805969, 0.44861972332001, 0.52827763557434, 0.61901164054871, 0.72475838661194, 0.85517334938049, 0.7907338142395, 0.71918749809265, 0.65164804458618, 0.58213567733765, 0.52195763587952, 0.48172092437744, 0.45552587509155, 0.43149399757385, 0.41069483757019, 0.38625240325928, 0.3628249168396, 0.36298394203186, 0.38088774681091, 0.39508271217346, 0.39269876480103, 0.3886251449585, 0.36635065078735, 0.34796619415283, 0.31328797340393, 0.2921793460846, 0.28327584266663, 0.32612204551697, 0.39979386329651, 0.52906179428101, 0.58172392845154, 0.61803674697876, 0.6198046207428, 0.62590217590332, 0.63347458839417, 0.63899230957031, 0.60479927062988, 0.60603857040405, 0.63709282875061, 0.67953729629517, 0.69705772399902, 0.58165621757507, 0.4874587059021, 0.40306496620178, 0.33936166763306, 0.28665089607239, 0.28145480155945, 0.27952218055725, 0.27837204933166, 0.27799010276794, 0.27837204933166, 0.27952218055725, 0.28145480155945, 0.33640837669373, 0.4019615650177, 0.50728750228882, 0.63541841506958, 0.66375684738159, 0.65272688865662, 0.59273028373718, 0.52267551422119, 0.48713052272797, 0.50109255313873, 0.52194273471832, 0.53666460514069, 0.56087160110474, 0.584547996521, 0.58862149715424, 0.60170364379883, 0.52021777629852, 0.38940274715424, 0.26224493980408, 0.20712506771088, 0.24940574169159, 0.28465104103088, 0.30723428726196, 0.27307915687561, 0.24167418479919, 0.21673679351807
0.20638179779053, 0.16748523712158, 0.1289963722229, 0.1345043182373, 0.18155360221863, 0.23502898216248, 0.27834868431091, 0.25093245506287, 0.25433588027954, 0.29403400421143, 0.32249641418457, 0.38978624343872, 0.45854234695435, 0.51163148880005, 0.6070818901062, 0.628093957901, 0.55458402633667, 0.49155867099762, 0.43779325485229, 0.3903945684433, 0.34573864936829, 0.30565905570984, 0.29703068733215, 0.2906585931778, 0.28531551361084, 0.28092432022095, 0.27741396427155, 0.27473437786102, 0.27284705638885, 0.27172553539276, 0.27135157585144, 0.27172565460205, 0.27284717559814, 0.27473437786102, 0.27741372585297, 0.28092432022095, 0.28531527519226, 0.29065752029419, 0.29703056812286, 0.30454611778259, 0.31333017349243, 0.32371091842651, 0.39185476303101, 0.47089886665344, 0.55919504165649, 0.65989542007446, 0.77857446670532, 0.78394150733948, 0.70012092590332, 0.63655972480774, 0.58810877799988, 0.55413484573364, 0.52208733558655, 0.49354100227356, 0.46673536300659, 0.44261312484741, 0.42128658294678, 0.39187455177307, 0.38902688026428, 0.41657710075378, 0.43214416503906, 0.42994165420532, 0.41951632499695, 0.36950874328613, 0.3226044178009, 0.28285765647888, 0.26194596290588, 0.28405952453613, 0.34988284111023, 0.4487030506134, 0.55743455886841, 0.55340576171875, 0.54987597465515, 0.55474996566773, 0.56178021430969, 0.57113265991211, 0.57730674743652, 0.58255171775818, 0.59752821922302, 0.61681962013245, 0.66527581214905, 0.59537053108215, 0.49119186401367, 0.39244818687439, 0.30499219894409, 0.28092432022095, 0.27741551399231, 0.27473449707031, 0.27284574508667, 0.27172541618347, 0.27135133743286, 0.27172541618347, 0.27284574508667, 0.27473449707031, 0.27741551399231, 0.32131290435791, 0.44601082801819, 0.56961822509766, 0.68549013137817, 0.61806058883667, 0.54204225540161, 0.49887228012085, 0.48291075229645, 0.47532606124878, 0.50213742256165, 0.53239858150482, 0.55876410007477, 0.5585458278656, 0.54471063613892, 0.54740881919861, 0.44772100448608, 0.34367167949677, 0.21590209007263, 0.16565537452698, 0.22416973114014, 0.28786110877991, 0.35802316665649, 0.31975245475769, 0.27798891067505, 0.24246835708618
0.22640490531921, 0.18193078041077, 0.13431000709534, 0.13961338996887, 0.17266464233398, 0.22663331031799, 0.30962300300598, 0.32364702224731, 0.35738611221313, 0.37111258506775, 0.40325784683228, 0.40118837356567, 0.44336271286011, 0.51959943771362, 0.589515209198, 0.59329152107239, 0.52167344093323, 0.46137642860413, 0.40876626968384, 0.36238288879394, 0.32177686691284, 0.29826879501343, 0.29090940952301, 0.28466653823853, 0.27943587303162, 0.27513492107391, 0.27169692516327, 0.26907277107239, 0.26722323894501, 0.26612365245819, 0.26575827598572, 0.26612377166748, 0.2672233581543, 0.26907277107239, 0.27169680595398, 0.27513515949249, 0.27943575382233, 0.28466641902924, 0.29090917110443, 0.29826903343201, 0.30687248706818, 0.31688284873962, 0.34286081790924, 0.41779136657715, 0.50209856033325, 0.60040760040283, 0.71224761009216, 0.83881044387817, 0.76502084732056, 0.69863748550415, 0.61888790130615, 0.55684542655945, 0.49728989601135, 0.46634554862976, 0.44243025779724, 0.4205162525177, 0.39953422546387, 0.38556885719299, 0.3854193687439, 0.40785980224609, 0.42592072486877, 0.42523789405823, 0.41245722770691, 0.35955452919006, 0.32284379005432, 0.27251648902893, 0.23621916770935, 0.24812459945679, 0.29820966720581, 0.45112466812134, 0.54739618301392, 0.51571583747864, 0.48849582672119, 0.49382328987122, 0.50100350379944, 0.50994110107422, 0.51289415359497, 0.5412700176239, 0.5899977684021, 0.58910346031189, 0.63397932052612, 0.51931214332581, 0.41118979454041, 0.30976533889771, 0.27943706512451, 0.2751350402832, 0.27169704437256, 0.26907277107239, 0.26722359657288, 0.26612520217896, 0.26575970649719, 0.26612520217896, 0.2672233581543, 0.26907277107239, 0.27169680595398, 0.2751350402832, 0.38249969482422, 0.52212619781494, 0.6291515827179, 0.56015634536743, 0.50128197669983, 0.45046937465668, 0.40558004379273, 0.42177402973175, 0.45920634269714, 0.49564790725708, 0.52003169059753, 0.53434062004089, 0.54268598556519, 0.55237758159637, 0.43874597549438, 0.3021981716156, 0.17657649517059, 0.12726902961731, 0.19064915180206, 0.26282668113709, 0.34150815010071, 0.32349610328674, 0.30384135246277, 0.26710104942322
0.14941358566284, 0.1062228679657, 0.059922218322754, 0.065355062484741, 0.11142110824585, 0.20003533363342, 0.29603600502014, 0.31468272209168, 0.35398006439209, 0.39503335952759, 0.42231702804565, 0.40230512619019, 0.41741228103638, 0.49199032783508, 0.56182551383972, 0.56587386131287, 0.49615049362183, 0.43624699115753, 0.3839852809906, 0.33895337581634, 0.30151295661926, 0.29305863380432, 0.28582870960236, 0.2796950340271, 0.27455532550812, 0.27032887935638, 0.26695072650909, 0.26437330245972, 0.26255619525909, 0.2614758014679, 0.26111769676209, 0.2614758014679, 0.26255607604981, 0.2643735408783, 0.26695084571838, 0.27032899856567, 0.2745555639267, 0.27969515323639, 0.28582906723023, 0.29305911064148, 0.30151283740997, 0.31134796142578, 0.32275950908661, 0.36639142036438, 0.44960856437683, 0.54723477363586, 0.66056895256043, 0.79843211174011, 0.77976131439209, 0.7121365070343, 0.64572906494141, 0.57551050186157, 0.51627969741821, 0.46836137771606, 0.43431544303894, 0.40651941299438, 0.38191843032837, 0.3619589805603, 0.35906600952148, 0.38785815238953, 0.41257214546204, 0.41274428367615, 0.40366840362549, 0.35218453407288, 0.30407190322876, 0.26318693161011, 0.22893118858337, 0.26444816589356, 0.33645057678223, 0.45455241203308, 0.51765036582947, 0.47990036010742, 0.44450354576111, 0.44267559051514, 0.44744825363159, 0.45495414733887, 0.463383436203, 0.49302911758423, 0.54699468612671, 0.63221573829651, 0.56613755226135, 0.45833969116211, 0.35553169250488, 0.2796950340271, 0.27455544471741, 0.27032995223999, 0.26695084571838, 0.26437330245972, 0.26255631446838, 0.26147699356079, 0.26111769676209, 0.26147699356079, 0.26255631446838, 0.26437330245972, 0.26695084571838, 0.27032995223999, 0.32587862014771, 0.48144912719727, 0.63819336891174, 0.5421941280365, 0.4736647605896, 0.42972719669342, 0.39219284057617, 0.37714171409607, 0.39522969722748, 0.42504513263702, 0.45770359039307, 0.47633218765259, 0.49713182449341, 0.50421977043152, 0.3918182849884, 0.25465476512909, 0.12943148612976, 0.079089403152466, 0.13592886924744, 0.20095705986023, 0.27070498466492, 0.25723671913147, 0.25882244110107, 0.20171999931335
0.16647815704346, 0.12360858917236, 0.079016923904419, 0.094687223434448, 0.13412117958069, 0.24115896224976, 0.34940934181213, 0.38077259063721, 0.42197513580322, 0.47258019447327, 0.43344926834106, 0.38859677314758, 0.4008150100708, 0.49421262741089, 0.57265639305115, 0.54354691505432, 0.47560060024262, 0.4168359041214, 0.36504518985748, 0.32004523277283, 0.29716551303863, 0.28883290290832, 0.28170728683472, 0.27566194534302, 0.27059662342072, 0.26643061637878, 0.2631014585495, 0.26056003570557, 0.25876998901367, 0.25770592689514, 0.2573527097702, 0.25770580768585, 0.25877010822296, 0.26056003570557, 0.26310253143311, 0.26643061637878, 0.27059662342072, 0.27566170692444, 0.2817075252533, 0.2888331413269, 0.29716539382935, 0.30685806274414, 0.31810510158539, 0.33115100860596, 0.40980505943298, 0.5091712474823, 0.6239013671875, 0.75857496261597, 0.77441453933716, 0.67592620849609, 0.57747316360474, 0.52229261398315, 0.4825804233551, 0.45357704162598, 0.43321204185486, 0.41366267204285, 0.39312481880188, 0.37162446975708, 0.36432600021362, 0.36081838607788, 0.3539092540741, 0.35417556762695, 0.34723019599915, 0.3224823474884, 0.29529333114624, 0.25484418869019, 0.22298359870911, 0.2442409992218, 0.29311919212341, 0.39994955062866, 0.46649217605591, 0.44120907783508, 0.40766668319702, 0.40845203399658, 0.41414260864258, 0.41955161094666, 0.42540836334228, 0.45514798164368, 0.50649809837341, 0.66140413284302, 0.52590799331665, 0.40930008888245, 0.29877948760986, 0.27566194534302, 0.27059578895569, 0.26643037796021, 0.26310157775879, 0.26056098937988, 0.25877022743225, 0.25770497322082, 0.25735259056091, 0.25770497322082, 0.25876998901367, 0.26056098937988, 0.26310133934021, 0.26643037796021, 0.30431532859802, 0.465824842453, 0.57992601394653, 0.51517224311829, 0.464648604393, 0.42147397994995, 0.38190019130707, 0.3604154586792, 0.36813688278198, 0.37730431556702, 0.38756716251373, 0.39011573791504, 0.41279995441437, 0.38701176643372, 0.30022573471069, 0.20895433425903, 0.083555340766907, 0.028571009635925, 0.081878185272217, 0.14248037338257, 0.20901131629944, 0.21474361419678, 0.22346830368042, 0.19947695732117
0.1639609336853, 0.12266349792481, 0.083991765975952, 0.097836494445801, 0.13488292694092, 0.22069096565247, 0.30354690551758, 0.33483505249023, 0.37957620620728, 0.4495632648468, 0.41118669509888, 0.3694314956665, 0.42580699920654, 0.50246453285217, 0.5739963054657, 0.52334666252136, 0.45812034606934, 0.40045738220215, 0.35029184818268, 0.3061386346817, 0.29376232624054, 0.28552520275116, 0.27848088741303, 0.27250468730927, 0.26749789714813, 0.26337969303131, 0.26008892059326, 0.25757622718811, 0.25580644607544, 0.25475430488586, 0.25440526008606, 0.25475430488586, 0.25580656528473, 0.25757646560669, 0.26008880138397, 0.2633798122406, 0.26749789714813, 0.27250468730927, 0.2784811258316, 0.28552544116974, 0.29376220703125, 0.30334317684174, 0.31446194648743, 0.32735884189606, 0.38026261329651, 0.47843790054321, 0.59211301803589, 0.72218441963196, 0.810462474823, 0.70029449462891, 0.61036491394043, 0.54134893417358, 0.49327731132507, 0.45811676979065, 0.43221044540405, 0.40748453140259, 0.38428974151611, 0.36558794975281, 0.35797452926636, 0.38353800773621, 0.38245725631714, 0.38272976875305, 0.36262845993042, 0.30205631256103, 0.24552464485168, 0.20757985115051, 0.1823148727417, 0.25607395172119, 0.30550193786621, 0.36600971221924, 0.43249678611755, 0.40630769729614, 0.3815279006958, 0.38060092926025, 0.38428258895874, 0.38847160339356, 0.39341497421265, 0.42364311218262, 0.43260884284973, 0.58855128288269, 0.49571108818054, 0.37264466285706, 0.27848076820374, 0.27250480651856, 0.26749753952026, 0.2633798122406, 0.26008892059326, 0.25757718086243, 0.25580668449402, 0.25475430488586, 0.25440526008606, 0.25475430488586, 0.25580668449402, 0.25757718086243, 0.2600884437561, 0.2633798122406, 0.30662178993225, 0.46543407440186, 0.50842452049255, 0.50994038581848, 0.4657689332962, 0.42066562175751, 0.38121271133423, 0.35600531101227, 0.36113142967224, 0.361891746521, 0.3623126745224, 0.3622477054596, 0.3644460439682, 0.35586166381836, 0.26677775382996, 0.17431998252869, 0.047152757644653, -0.012154459953308, 0.036786556243896, 0.092411994934082, 0.15520310401917, 0.17879176139832, 0.20746850967407, 0.19574904441833
0.13735508918762, 0.089405059814453, 0.045095682144165, 0.077549934387207, 0.14069747924805, 0.20535945892334, 0.26123881340027, 0.28964161872864, 0.33255743980408, 0.40493083000183, 0.3676278591156, 0.33730149269104, 0.40502786636353, 0.48031139373779, 0.55151319503784, 0.50270104408264, 0.43895471096039, 0.38424253463745, 0.33666372299194, 0.30075132846832, 0.29125237464905, 0.28308606147766, 0.27610158920288, 0.27017652988434, 0.26521217823029, 0.26112926006317, 0.25786674022675, 0.25537598133087, 0.2536209821701, 0.25257790088654, 0.25223100185394, 0.25257790088654, 0.25362086296081, 0.25537621974945, 0.25786674022675, 0.26112914085388, 0.26521229743957, 0.27017652988434, 0.27610146999359, 0.28308618068695, 0.29125225543976, 0.30075168609619, 0.31177532672882, 0.32456171512604, 0.3528368473053, 0.44537329673767, 0.55221819877625, 0.67745161056519, 0.82612729072571, 0.7415726184845, 0.65522027015686, 0.58200573921204, 0.52781248092651, 0.47574543952942, 0.44405794143677, 0.41664719581604, 0.3954644203186, 0.37636017799377, 0.3655378818512, 0.36055684089661, 0.35316729545593, 0.35414004325867, 0.33491802215576, 0.27271938323975, 0.2188777923584, 0.21909260749817, 0.22851204872131, 0.27749681472778, 0.32868909835815, 0.38232851028442, 0.41431975364685, 0.38880443572998, 0.36556053161621, 0.36767029762268, 0.37417531013489, 0.3720166683197, 0.34525728225708, 0.30216407775879, 0.29404950141907, 0.27507305145264, 0.45632672309875, 0.36161422729492, 0.27610230445862, 0.27017641067505, 0.265212059021, 0.26112937927246, 0.25786662101746, 0.25537538528442, 0.25362133979797, 0.25257778167725, 0.25223088264465, 0.25257778167725, 0.25362133979797, 0.25537538528442, 0.25786638259888, 0.26112937927246, 0.33366751670837, 0.48041796684265, 0.52107858657837, 0.52366948127747, 0.4760981798172, 0.42558658123016, 0.38026976585388, 0.34849369525909, 0.34892511367798, 0.35031878948212, 0.34823930263519, 0.32279145717621, 0.30253303050995, 0.28387761116028, 0.17941641807556, 0.086920619010925, -0.00028753280639648, -0.03991436958313, 0.0068843364715576, 0.059984683990479, 0.12209153175354, 0.15752172470093, 0.1976523399353, 0.18040895462036
0.14519929885864, 0.094720363616943, 0.045717239379883, 0.081114053726196, 0.13840651512146, 0.15668511390686, 0.20444512367248, 0.23896884918213, 0.27981877326965, 0.35726261138916, 0.31756663322449, 0.31535911560059, 0.38535380363464, 0.46262431144714, 0.53458881378174, 0.4855010509491, 0.42131865024567, 0.36707544326782, 0.32049322128296, 0.29904401302338, 0.28959834575653, 0.28147888183594, 0.27453446388245, 0.26864290237427, 0.26370668411255, 0.25964665412903, 0.25640261173248, 0.25392556190491, 0.25218117237091, 0.25114333629608, 0.25079929828644, 0.25114333629608, 0.2521812915802, 0.25392580032349, 0.25640285015106, 0.25964653491974, 0.26370668411255, 0.26864278316498, 0.27453422546387, 0.28147888183594, 0.28959858417511, 0.29904413223267, 0.31000518798828, 0.32271862030029, 0.33748435974121, 0.41469955444336, 0.52355813980102, 0.65105700492859, 0.8024308681488, 0.80072617530823, 0.71380138397217, 0.62182378768921, 0.56469535827637, 0.51236534118652, 0.48143458366394, 0.45923662185669, 0.44199299812317, 0.42737555503845, 0.41683769226074, 0.36847615242004, 0.33323955535889, 0.33516764640808, 0.31645679473877, 0.25374984741211, 0.1991605758667, 0.19762635231018, 0.20292401313782, 0.25262928009033, 0.3096284866333, 0.37019634246826, 0.40268158912659, 0.37654376029968, 0.35579752922058, 0.36062598228455, 0.36855292320251, 0.34518504142761, 0.28654408454895, 0.22513508796692, 0.17999863624573, 0.16552734375, 0.16550326347351, 0.35978150367737, 0.27453446388245, 0.26864266395569, 0.26370644569397, 0.25964665412903, 0.25640249252319, 0.25392556190491, 0.25218105316162, 0.25114393234253, 0.25079965591431, 0.25114393234253, 0.25218105316162, 0.25392556190491, 0.25640249252319, 0.25964689254761, 0.36960577964783, 0.46714067459106, 0.51481056213379, 0.55035412311554, 0.49114525318146, 0.42823088169098, 0.37612903118134, 0.34551239013672, 0.34409046173096, 0.34361052513123, 0.34072482585907, 0.31396627426148, 0.29042708873749, 0.23116481304169, 0.1401960849762, 0.053075790405273, -0.032069444656372, -0.074280738830566, -0.030776977539063, 0.01910662651062, 0.078246831893921, 0.13798499107361, 0.2077157497406, 0.19531273841858
0.13620543479919, 0.10067844390869, 0.082552433013916, 0.083337306976318, 0.092808961868286, 0.11265707015991, 0.13425040245056, 0.17346286773682, 0.2179844379425, 0.30881500244141, 0.29438734054565, 0.33087277412415, 0.38774371147156, 0.48194432258606, 0.54545950889587, 0.47092413902283, 0.40763533115387, 0.35384476184845, 0.30912637710571, 0.29819631576538, 0.28877735137939, 0.28068089485169, 0.27375614643097, 0.26788115501404, 0.26295876502991, 0.25891077518463, 0.25567579269409, 0.25320589542389, 0.25146615505219, 0.25043177604675, 0.25008857250214, 0.25043177604675, 0.25146615505219, 0.25320613384247, 0.2556756734848, 0.25891077518463, 0.26295876502991, 0.26788115501404, 0.27375602722168, 0.28068113327026, 0.28877758979797, 0.29819667339325, 0.30912661552429, 0.32180428504944, 0.3365273475647, 0.39199018478394, 0.50234746932983, 0.63197803497314, 0.78552556037903, 0.77567625045776, 0.67251515388489, 0.57891440391541, 0.52787923812866, 0.48456120491028, 0.458340883255, 0.43908452987671, 0.42448759078979, 0.41454768180847, 0.40455770492554, 0.35722708702087, 0.32213807106018, 0.32424283027649, 0.30587863922119, 0.24256014823914, 0.18688440322876, 0.18039107322693, 0.17781376838684, 0.22755455970764, 0.29157686233521, 0.35873341560364, 0.39544892311096, 0.37362909317017, 0.35396122932434, 0.35986495018005, 0.36871242523193, 0.31052660942078, 0.23983979225159, 0.18088555335998, 0.12879204750061, 0.08403754234314, 0.083770751953125, 0.090707063674927, 0.30667185783386, 0.26788115501404, 0.26295876502991, 0.25891089439392, 0.25567579269409, 0.25320601463318, 0.25146627426148, 0.25043153762817, 0.25008869171143, 0.25043177604675, 0.25146627426148, 0.25320601463318, 0.25567579269409, 0.32805633544922, 0.39240789413452, 0.4329822063446, 0.49909448623657, 0.54857742786408, 0.46583735942841, 0.33764040470123, 0.28746259212494, 0.30989301204681, 0.33678185939789, 0.34128892421722, 0.33790612220764, 0.30634200572968, 0.27791512012482, 0.21624517440796, 0.12364387512207, 0.031771779060364, -0.059337735176086, -0.10947751998901, -0.068357944488525, -0.018622159957886, 0.042204856872559, 0.1377649307251, 0.21870470046997, 0.21165561676025
0.1033091545105, 0.049591779708862, 0.018746852874756, 0.017661571502685, 0.018379926681519, 0.053428649902344, 0.085717678070068, 0.13184356689453, 0.18262767791748, 0.28276991844177, 0.27969741821289, 0.33727693557739, 0.42205619812012, 0.49965214729309, 0.53651237487793, 0.46244621276856, 0.39954698085785, 0.34542214870453, 0.309126496315, 0.29819631576538, 0.28877735137939, 0.2806807756424, 0.27375602722168, 0.26788115501404, 0.26295876502991, 0.25891077518463, 0.25567579269409, 0.25320589542389, 0.25146615505219, 0.25043177604675, 0.25008857250214, 0.25043177604675, 0.25146615505219, 0.25320613384247, 0.2556756734848, 0.25891077518463, 0.26295876502991, 0.26788115501404, 0.27375590801239, 0.28068113327026, 0.28877758979797, 0.29819667339325, 0.30912661552429, 0.32180428504944, 0.3365273475647, 0.37753391265869, 0.48894810676575, 0.61877036094666, 0.77246284484863, 0.75370717048645, 0.65377712249756, 0.56151294708252, 0.50888109207153, 0.46907472610474, 0.44410490989685, 0.42697024345398, 0.41468501091003, 0.40644073486328, 0.39868664741516, 0.35268640518188, 0.31796360015869, 0.32017064094544, 0.302090883255, 0.23833417892456, 0.18266487121582, 0.17358779907227, 0.16943073272705, 0.22036051750183, 0.28707456588745, 0.35784101486206, 0.39497709274292, 0.37386059761047, 0.35925507545471, 0.34729433059692, 0.31497550010681, 0.27004456520081, 0.18173575401306, 0.14180994033813, 0.078136682510376, 0.039128303527832, 0.0083613395690918, 0.012706756591797, 0.067540645599365, 0.10079717636108, 0.26295876502991, 0.25891089439392, 0.25567579269409, 0.25320601463318, 0.25146627426148, 0.25043153762817, 0.25008869171143, 0.25043177604675, 0.25146627426148, 0.25320601463318, 0.31374216079712, 0.36667084693909, 0.4018542766571, 0.43911743164063, 0.47660219669342, 0.40355587005615, 0.2856924533844, 0.21249175071716, 0.25948882102966, 0.27662634849548, 0.29362714290619, 0.31670665740967, 0.33486533164978, 0.2743798494339, 0.26394808292389, 0.22346794605255, 0.15977382659912, 0.092221617698669, -0.0027360916137695, -0.083746552467346, -0.041847229003906, 0.011613607406616, 0.074087619781494, 0.14147782325745, 0.21794939041138, 0.19167828559875
0.079342842102051, 0.017359495162964, -0.039851427078247, -0.044106483459473, -0.042992353439331, 0.0071511268615723, 0.059337377548218, 0.11778426170349, 0.17633080482483, 0.28194832801819, 0.30550312995911, 0.38978838920593, 0.44712162017822, 0.53901076316833, 0.53422737121582, 0.45925784111023, 0.39605021476746, 0.34163641929626, 0.31000518798828, 0.29904413223267, 0.28959834575653, 0.28147888183594, 0.27453422546387, 0.26864290237427, 0.26370668411255, 0.25964665412903, 0.25640261173248, 0.25392556190491, 0.25218117237091, 0.25114369392395, 0.25079929828644, 0.25114369392395, 0.2521812915802, 0.25392580032349, 0.25640285015106, 0.25964653491974, 0.26370668411255, 0.26864278316498, 0.27453422546387, 0.28147888183594, 0.28959858417511, 0.29904413223267, 0.31000518798828, 0.322718501091, 0.33748435974121, 0.3708016872406, 0.48323965072632, 0.61405372619629, 0.76910471916199, 0.75116157531738, 0.65029215812683, 0.55667328834534, 0.50336384773254, 0.46298170089722, 0.43804359436035, 0.42151498794556, 0.4103000164032, 0.40308284759522, 0.395423412323, 0.34979391098023, 0.3164210319519, 0.31883311271668, 0.3008120059967, 0.23766207695007, 0.1820912361145, 0.17301368713379, 0.16881585121155, 0.21994614601135, 0.28627729415894, 0.32373070716858, 0.3528356552124, 0.35306453704834, 0.36397242546081, 0.33498406410217, 0.29596281051636, 0.22077798843384, 0.1543698310852, 0.086994886398315, 0.052193641662598, 0.0078127384185791, -0.010986328125, -0.038300037384033, -0.025391578674316, 0.0091135501861572, 0.15459585189819, 0.26554346084595, 0.25640249252319, 0.25392556190491, 0.2521812915802, 0.25114393234253, 0.25079965591431, 0.25582098960876, 0.28579711914063, 0.33056974411011, 0.40332221984863, 0.37053179740906, 0.41748595237732, 0.46264064311981, 0.42227137088776, 0.24698567390442, 0.14626789093018, 0.19534742832184, 0.23083686828613, 0.25247359275818, 0.27795493602753, 0.29718101024628, 0.27602255344391, 0.23846220970154, 0.20265650749207, 0.16654002666473, 0.12965202331543, 0.086554765701294, -0.0064334869384766, -0.088348150253296, -0.05085039138794, 0.0011498928070068, 0.062488555908203, 0.12436437606812, 0.19436836242676, 0.1672375202179
0.066643476486206, 0.0029764175415039, -0.055841684341431, -0.067737817764282, -0.0660719871521, -0.016343116760254, 0.037014245986938, 0.11131763458252, 0.18523645401001, 0.29317569732666, 0.32122993469238, 0.39891266822815, 0.48245930671692, 0.55732917785644, 0.53862762451172, 0.46161389350891, 0.39618110656738, 0.33923304080963, 0.31177520751953, 0.30075132846832, 0.29125225543976, 0.28308618068695, 0.27610158920288, 0.27017652988434, 0.26521217823029, 0.26112926006317, 0.25786674022675, 0.25537550449371, 0.2536209821701, 0.25257790088654, 0.2522314786911, 0.25257790088654, 0.25362086296081, 0.25537574291229, 0.25786674022675, 0.26112914085388, 0.26521229743957, 0.27017652988434, 0.27610146999359, 0.28308629989624, 0.29125225543976, 0.3007515668869, 0.31177532672882, 0.32456147670746, 0.33941102027893, 0.3699369430542, 0.48498463630676, 0.61864709854126, 0.77666068077087, 0.76029348373413, 0.65785241127014, 0.56229329109192, 0.5059814453125, 0.46415114402771, 0.43893456459045, 0.42188596725464, 0.41051745414734, 0.40361666679382, 0.39605760574341, 0.35083317756653, 0.31782341003418, 0.32126140594482, 0.30345225334168, 0.24088883399963, 0.18598008155823, 0.17695569992065, 0.17489266395569, 0.22767329216003, 0.28589105606079, 0.28177309036255, 0.29079699516296, 0.33068370819092, 0.3572108745575, 0.32113242149353, 0.25695443153381, 0.1908905506134, 0.14058113098145, 0.088598012924194, 0.020859241485596, 0.0022130012512207, -0.054014205932617, -0.070022821426392, -0.035147905349731, -0.00088834762573242, 0.035019636154175, 0.092096567153931, 0.088724374771118, 0.094677209854126, 0.09708833694458, 0.10531997680664, 0.1123354434967, 0.12438225746155, 0.14242506027222, 0.34804773330688, 0.33063650131226, 0.36602210998535, 0.43065679073334, 0.41784286499023, 0.25015187263489, 0.10766792297363, 0.14029157161713, 0.17860949039459, 0.2065509557724, 0.22693359851837, 0.24862205982208, 0.27185523509979, 0.25042390823364, 0.23501777648926, 0.21391868591309, 0.18013083934784, 0.14588665962219, 0.099470615386963, 0.0012776851654053, -0.086053133010864, -0.050427436828613, -0.002335786819458, 0.054824829101563, 0.11780834197998, 0.18961238861084, 0.15832090377808
0.067237854003906, 0.0012156963348389, -0.059967517852783, -0.04488205909729, -0.041447401046753, 0.018637657165527, 0.058022022247315, 0.17622208595276, 0.25680685043335, 0.39295148849487, 0.38716244697571, 0.41289806365967, 0.51349544525146, 0.61186504364014, 0.53646755218506, 0.45790863037109, 0.39090991020203, 0.33285772800446, 0.31446182727814, 0.30334329605103, 0.29376149177551, 0.2855259180069, 0.27848088741303, 0.27250468730927, 0.26749789714813, 0.26337969303131, 0.26008880138397, 0.25757622718811, 0.25580644607544, 0.25475430488586, 0.25440526008606, 0.25475430488586, 0.25580656528473, 0.25757646560669, 0.26008880138397, 0.2633798122406, 0.26749789714813, 0.27250468730927, 0.2784811258316, 0.28552615642548, 0.29376137256622, 0.30334317684174, 0.31446194648743, 0.32735872268677, 0.34233546257019, 0.37462520599365, 0.49056553840637, 0.6254096031189, 0.78506970405579, 0.76935577392578, 0.6674075126648, 0.58079195022583, 0.52291250228882, 0.4729151725769, 0.44501280784607, 0.42667365074158, 0.41334319114685, 0.40634846687317, 0.39910006523132, 0.35373258590698, 0.3210175037384, 0.32486629486084, 0.30933475494385, 0.24862694740295, 0.19422197341919, 0.18974328041077, 0.1914176940918, 0.24570202827454, 0.29974842071533, 0.27086806297302, 0.26185989379883, 0.26657557487488, 0.28909420967102, 0.29804086685181, 0.22713255882263, 0.17649722099304, 0.13096928596497, 0.07978081703186, 0.03861927986145, -0.0066220760345459, -0.085241794586182, -0.098347663879395, -0.05985689163208, -0.0430588722229, -0.055560350418091, -0.054353713989258, -0.05141544342041, -0.040905237197876, -0.03216290473938, -0.023305416107178, -0.014447450637817, -0.0044176578521728, 0.094092607498169, 0.20176637172699, 0.248011469841, 0.30172502994537, 0.27513146400452, 0.17465221881866, 0.095493793487549, 0.12669575214386, 0.14764559268951, 0.17675888538361, 0.19170749187469, 0.20812463760376, 0.22769856452942, 0.22937607765198, 0.21991753578186, 0.21609354019165, 0.21744048595429, 0.18490219116211, 0.15156733989716, 0.10812020301819, 0.015463352203369, -0.075669765472412, -0.040022850036621, 0.0075497627258301, 0.065781593322754, 0.12717318534851, 0.19702529907227, 0.16371965408325
0.081311464309692, 0.012497901916504, -0.049410820007324, -0.024677038192749, 0.019568920135498, 0.11777782440186, 0.13626599311829, 0.23222517967224, 0.31727147102356, 0.3783974647522, 0.40518283843994, 0.44329929351807, 0.53879594802856, 0.63288331031799, 0.54696536064148, 0.45887732505798, 0.38327407836914, 0.33115077018738, 0.31810462474823, 0.30685806274414, 0.29716551303863, 0.28883290290832, 0.28170740604401, 0.27566194534302, 0.27059662342072, 0.26643061637878, 0.26310241222382, 0.26056003570557, 0.2587708234787, 0.25770592689514, 0.2573527097702, 0.25770592689514, 0.25877106189728, 0.26056003570557, 0.26310253143311, 0.26643061637878, 0.27059662342072, 0.27566170692444, 0.28170764446259, 0.2888331413269, 0.29716527462006, 0.30685782432556, 0.31810569763184, 0.33115124702454, 0.34630227088928, 0.38262987136841, 0.49988269805908, 0.63619875907898, 0.79736971855164, 0.78605771064758, 0.69376730918884, 0.60861802101135, 0.54440522193909, 0.48620367050171, 0.45436263084412, 0.4321494102478, 0.41866755485535, 0.41140580177307, 0.40415620803833, 0.35910558700562, 0.31758522987366, 0.28242206573486, 0.26173424720764, 0.22675204277039, 0.20820617675781, 0.20846128463745, 0.21991872787476, 0.2638738155365, 0.28810429573059, 0.26251244544983, 0.27540588378906, 0.29786014556885, 0.28726530075073, 0.2752697467804, 0.21329569816589, 0.17259287834168, 0.12190508842468, 0.076475381851196, 0.038535594940185, -0.0073392391204834, -0.036495208740234, -0.078979969024658, -0.11854982376099, -0.12959861755371, -0.13828194141388, -0.13425517082214, -0.12879037857056, -0.063119411468506, -0.024496555328369, 0.0018736124038696, 0.015012502670288, 0.038673877716065, 0.11833012104034, 0.13310325145721, 0.16020059585571, 0.16313791275024, 0.09627366065979, 0.091905236244202, 0.11023116111755, 0.14549160003662, 0.16761410236359, 0.17873907089233, 0.18853199481964, 0.20338940620422, 0.21378314495087, 0.19817650318146, 0.18434679508209, 0.17789304256439, 0.17861640453339, 0.14846289157867, 0.11521863937378, 0.065361738204956, 0.0017163753509522, -0.057746410369873, -0.017548322677612, 0.029306173324585, 0.084427356719971, 0.14526557922363, 0.21659564971924, 0.18474745750427
0.10788440704346, 0.042408943176269, -0.014849424362183, 0.014344453811645, 0.062597036361694, 0.17648863792419, 0.24123215675354, 0.29349851608276, 0.31626987457275, 0.32102108001709, 0.35387396812439, 0.47337079048157, 0.56617760658264, 0.65500545501709, 0.56118392944336, 0.46350741386414, 0.37940287590027, 0.33599591255188, 0.32275891304016, 0.3113466501236, 0.30151295661926, 0.2930588722229, 0.28582894802094, 0.2796950340271, 0.2745555639267, 0.27032899856567, 0.26695072650909, 0.26437330245972, 0.26255619525909, 0.26147592067719, 0.26111769676209, 0.26147592067719, 0.26255619525909, 0.26437330245972, 0.26695072650909, 0.27032911777496, 0.27455568313599, 0.27969491481781, 0.28582906723023, 0.2930588722229, 0.30151259899139, 0.31134712696075, 0.32275927066803, 0.33599615097046, 0.35136818885803, 0.39153909683228, 0.51247835159302, 0.65286159515381, 0.81889462471008, 0.77796220779419, 0.70517063140869, 0.59938812255859, 0.54671406745911, 0.49247860908508, 0.46014904975891, 0.43902707099915, 0.42534971237183, 0.41838383674622, 0.41160917282104, 0.36670589447022, 0.32712316513062, 0.29240226745606, 0.26295781135559, 0.25031805038452, 0.23359274864197, 0.23866510391235, 0.23764729499817, 0.22960901260376, 0.22790217399597, 0.22590470314026, 0.24209856987, 0.26418113708496, 0.25716376304626, 0.22611141204834, 0.20435357093811, 0.15746736526489, 0.11262154579163, 0.076478004455566, 0.037559509277344, 0.012216567993164, -0.0087461471557617, -0.03272807598114, -0.059239983558655, -0.06621241569519, -0.076096534729004, -0.077118754386902, -0.059381484985352, -0.031149387359619, -0.0017023086547852, 0.025813579559326, 0.041636824607849, 0.057924509048462, 0.065347671508789, 0.074540734291077, 0.081425786018372, 0.10462784767151, 0.11166000366211, 0.12793397903442, 0.15092086791992, 0.16414058208466, 0.16732060909271, 0.180943608284, 0.19676125049591, 0.20580780506134, 0.19977426528931, 0.19385540485382, 0.17892694473267, 0.158118724823, 0.15785717964172, 0.14055860042572, 0.12597584724426, 0.08901858329773, 0.025229215621948, -0.032480478286743, 0.01248025894165, 0.065674304962158, 0.13019871711731, 0.16303896903992, 0.20015788078308, 0.17951107025147
0.13273024559021, 0.092023372650146, 0.052056074142456, 0.088824033737183, 0.14115285873413, 0.24252152442932, 0.29208183288574, 0.33905673027039, 0.32102870941162, 0.28863167762756, 0.24303078651428, 0.36030769348144, 0.44824266433716, 0.59521269798279, 0.58218121528625, 0.48246693611145, 0.38781309127808, 0.34196853637695, 0.32849669456482, 0.31688141822815, 0.30687248706818, 0.29826891422272, 0.29091084003448, 0.2846667766571, 0.27943599224091, 0.2751350402832, 0.27169692516327, 0.26907277107239, 0.26722323894501, 0.26612365245819, 0.26575839519501, 0.26612365245819, 0.2672233581543, 0.26907277107239, 0.27169680595398, 0.27513527870178, 0.27943599224091, 0.28466665744782, 0.29091084003448, 0.29826879501343, 0.30687260627747, 0.31688177585602, 0.32849669456482, 0.34196829795837, 0.35761380195618, 0.40278005599976, 0.52713942527771, 0.67134237289429, 0.71503138542175, 0.61630749702454, 0.54568576812744, 0.49924612045288, 0.51797914505005, 0.50431513786316, 0.47135329246521, 0.44847774505615, 0.43424129486084, 0.4274480342865, 0.42279314994812, 0.37978529930115, 0.34246253967285, 0.31086778640747, 0.2813355922699, 0.27481484413147, 0.25904154777527, 0.23196172714233, 0.18831586837769, 0.18744111061096, 0.21672105789185, 0.2270348072052, 0.22290277481079, 0.23749709129333, 0.22218155860901, 0.20358109474182, 0.18600964546204, 0.16271448135376, 0.11062669754028, 0.082188010215759, 0.056849837303162, 0.043464183807373, 0.026044487953186, 0.024452805519104, 0.021462202072144, 0.01776909828186, 0.013172626495361, 0.012647151947022, 0.032155632972717, 0.048474907875061, 0.060697078704834, 0.077704906463623, 0.0905442237854, 0.099130988121033, 0.10792934894562, 0.11954951286316, 0.12961208820343, 0.14931190013886, 0.159010887146, 0.17164552211762, 0.17970907688141, 0.18469178676605, 0.18810844421387, 0.18275785446167, 0.19837307929993, 0.20310020446777, 0.19362831115723, 0.18351888656616, 0.17142868041992, 0.1572653055191, 0.14125800132752, 0.12480700016022, 0.11717367172241, 0.096822023391724, 0.053476095199585, 0.0013260841369629, 0.051981687545776, 0.11011719703674, 0.17997670173645, 0.18079209327698, 0.17902541160583, 0.15965747833252
0.15775156021118, 0.1105523109436, 0.071128129959106, 0.11694598197937, 0.18256878852844, 0.29141163825989, 0.33276605606079, 0.34693717956543, 0.32291698455811, 0.2638578414917, 0.21610808372498, 0.24829173088074, 0.360995054245, 0.4962043762207, 0.62834453582764, 0.51336908340454, 0.40574169158936, 0.34916543960571, 0.33540987968445, 0.32354927062988, 0.31333017349243, 0.3045459985733, 0.29703211784363, 0.29065716266632, 0.28531551361084, 0.28092432022095, 0.27741384506226, 0.27473437786102, 0.27284729480743, 0.27172565460205, 0.27135157585144, 0.27172565460205, 0.27284741401672, 0.27473437786102, 0.27741384506226, 0.28092432022095, 0.28531527519226, 0.29065763950348, 0.29703223705292, 0.30454611778259, 0.31333029270172, 0.3235490322113, 0.33541011810303, 0.34916520118713, 0.36514043807983, 0.42440128326416, 0.55300307273865, 0.7001223564148, 0.69920706748962, 0.56145167350769, 0.38437962532044, 0.46248197555542, 0.51164364814758, 0.52549076080322, 0.48501133918762, 0.45960593223572, 0.44576263427734, 0.44065141677856, 0.43640828132629, 0.39570283889771, 0.35984253883362, 0.33278608322144, 0.30558562278748, 0.30977916717529, 0.30040144920349, 0.24681687355042, 0.20377492904663, 0.19793128967285, 0.23304104804993, 0.24366450309753, 0.22471451759338, 0.22066259384155, 0.20205903053284, 0.18957710266113, 0.1675534248352, 0.15279054641724, 0.13485980033875, 0.099505186080933, 0.091913342475891, 0.069471716880798, 0.093018054962158, 0.089462518692017, 0.1030068397522, 0.10030651092529, 0.097001075744629, 0.10210037231445, 0.11399173736572, 0.11789262294769, 0.1236058473587, 0.13053619861603, 0.13989043235779, 0.14699459075928, 0.15528333187103, 0.16416049003601, 0.17311418056488, 0.18430817127228, 0.20198285579681, 0.19837081432342, 0.2043833732605, 0.20037198066711, 0.20883870124817, 0.2129830121994, 0.21021175384522, 0.2129625082016, 0.20851790904999, 0.19029235839844, 0.16711282730103, 0.13922667503357, 0.11578476428986, 0.093825817108154, 0.086414337158203, 0.081874370574951, 0.057311773300171, 0.036602973937988, 0.088430166244507, 0.14808988571167, 0.22162580490112, 0.22608637809753, 0.22835826873779, 0.21150016784668
0.1249840259552, 0.077244520187378, 0.030376672744751, 0.05774736404419, 0.11680030822754, 0.30928087234497, 0.39010381698608, 0.34941959381103, 0.31342339515686, 0.24781942367554, 0.21188998222351, 0.19195890426636, 0.29042243957519, 0.40380239486694, 0.52146029472351, 0.54815053939819, 0.44157576560974, 0.35770726203919, 0.34361457824707, 0.33146643638611, 0.32099545001984, 0.31199669837952, 0.30429828166962, 0.29776883125305, 0.29229772090912, 0.2877961397171, 0.28420042991638, 0.2814564704895, 0.2795205116272, 0.27837193012237, 0.27798998355866, 0.27837193012237, 0.2795205116272, 0.28145635128021, 0.28420066833496, 0.28779637813568, 0.29229772090912, 0.29776883125305, 0.30429816246033, 0.31199681758881, 0.32099545001984, 0.33146619796753, 0.34361457824707, 0.35770702362061, 0.37407159805298, 0.46789956092835, 0.60353660583496, 0.75655698776245, 0.73372077941894, 0.5537371635437, 0.32874894142151, 0.40415334701538, 0.47295641899109, 0.48589110374451, 0.46299982070923, 0.4462251663208, 0.44298458099365, 0.44884181022644, 0.45457696914673, 0.37156319618225, 0.30149960517883, 0.28644061088562, 0.28685331344604, 0.33160471916199, 0.36322522163391, 0.29386734962463, 0.22864031791687, 0.20378875732422, 0.23547267913818, 0.25356316566467, 0.23125648498535, 0.21624541282654, 0.20511555671692, 0.18942880630493, 0.17233109474182, 0.15566158294678, 0.1527464389801, 0.1348729133606, 0.12951302528381, 0.12655282020569, 0.14798593521118, 0.15026152133942, 0.16090607643127, 0.15950238704681, 0.15615212917328, 0.16783452033997, 0.16654658317566, 0.16704785823822, 0.17122602462769, 0.17582404613495, 0.17864763736725, 0.18418169021606, 0.19128465652466, 0.19855093955994, 0.20735192298889, 0.21318864822388, 0.23019623756409, 0.23317050933838, 0.22966384887695, 0.23001503944397, 0.23765397071838, 0.22737216949463, 0.21118521690369, 0.20827674865723, 0.21824383735657, 0.20288848876953, 0.19558048248291, 0.16759741306305, 0.1403261423111, 0.11801135540009, 0.10319137573242, 0.089192152023315, 0.07807731628418, 0.076593399047852, 0.12977361679077, 0.1912534236908, 0.27497482299805, 0.25056481361389, 0.2336015701294, 0.18634605407715
0.15924143791199, 0.090584754943848, 0.0149986743927, -0.012588500976563, 0.082322835922241, 0.27490544319153, 0.42985463142395, 0.36370635032654, 0.32338690757751, 0.23356866836548, 0.2055082321167, 0.19180965423584, 0.17584538459778, 0.26782727241516, 0.38926362991333, 0.49247550964356, 0.5111813545227, 0.40614557266235, 0.3532567024231, 0.34076762199402, 0.33000421524048, 0.32075071334839, 0.31283736228943, 0.30612516403198, 0.30049920082092, 0.29587244987488, 0.29217660427094, 0.2893533706665, 0.28736436367035, 0.28618288040161, 0.28578996658325, 0.28618288040161, 0.28736436367035, 0.28935325145721, 0.29217672348023, 0.29587244987488, 0.30049920082092, 0.30612516403198, 0.31283736228943, 0.32075047492981, 0.33000254631043, 0.34076762199402, 0.35325694084168, 0.36774563789368, 0.40408730506897, 0.53182673454285, 0.67238926887512, 0.79300689697266, 0.6405668258667, 0.24526381492615, 0.30970859527588, 0.38777661323547, 0.45117592811585, 0.44301605224609, 0.4169545173645, 0.39836311340332, 0.39967727661133, 0.3998236656189, 0.4047155380249, 0.37973952293396, 0.35500741004944, 0.35090661048889, 0.34672689437866, 0.34691500663757, 0.33245730400085, 0.26290822029114, 0.20359802246094, 0.16404628753662, 0.20062732696533, 0.24349880218506, 0.24334359169006, 0.23203921318054, 0.22191143035889, 0.21088862419128, 0.19434261322022, 0.19146835803986, 0.17959117889404, 0.1753990650177, 0.17535626888275, 0.18788075447083, 0.19633018970489, 0.20684564113617, 0.21084928512573, 0.20970499515533, 0.20683801174164, 0.20861268043518, 0.20743358135223, 0.20727205276489, 0.21064102649689, 0.21238076686859, 0.21513533592224, 0.21806442737579, 0.22462666034699, 0.23110294342041, 0.23834145069122, 0.24287366867065, 0.25545167922974, 0.26718950271606, 0.2604306936264, 0.27603948116303, 0.26496398448944, 0.25296413898468, 0.23608958721161, 0.22051239013672, 0.20867884159088, 0.22525775432587, 0.19707012176514, 0.16233384609222, 0.13409161567688, 0.11213970184326, 0.10873484611511, 0.11108493804932, 0.11525678634644, 0.13233637809753, 0.18295454978943, 0.2419376373291, 0.33057284355164, 0.28729844093323, 0.26217365264893, 0.21368527412415
0.13650321960449, 0.057794332504273, -0.031364917755127, -0.046400547027588, 0.0085005760192871, 0.19232130050659, 0.47919249534607, 0.38966727256775, 0.31074094772339, 0.2400951385498, 0.20954942703247, 0.1821916103363, 0.15498685836792, 0.22059321403503, 0.3247127532959, 0.3918776512146, 0.46332287788391, 0.49862003326416, 0.41320824623108, 0.35163164138794, 0.34052538871765, 0.33097720146179, 0.32281219959259, 0.31588518619537, 0.31008088588715, 0.3053070306778, 0.30149292945862, 0.29857850074768, 0.29652738571167, 0.29530906677246, 0.29490292072296, 0.29530906677246, 0.29652762413025, 0.29857850074768, 0.3014931678772, 0.30530726909638, 0.31008076667786, 0.31588530540466, 0.32281243801117, 0.33097743988037, 0.34052562713623, 0.35163140296936, 0.36451983451843, 0.37946963310242, 0.47789525985718, 0.60941004753113, 0.76147747039795, 0.64168381690979, 0.30805468559265, 0.22728967666626, 0.29121828079224, 0.33395743370056, 0.39771604537964, 0.34338521957398, 0.31831741333008, 0.29754137992859, 0.30319762229919, 0.32070517539978, 0.34086060523987, 0.34614825248718, 0.35122680664063, 0.33789968490601, 0.32881736755371, 0.32957291603088, 0.33298182487488, 0.27450704574585, 0.20868587493897, 0.14890909194946, 0.13421487808228, 0.20875811576843, 0.25882792472839, 0.24973893165588, 0.2428023815155, 0.23765599727631, 0.23771214485168, 0.22705149650574, 0.21954727172852, 0.21770310401917, 0.21758008003235, 0.22759449481964, 0.24002265930176, 0.25389087200165, 0.25242185592651, 0.25127625465393, 0.2491934299469, 0.24696266651154, 0.24610149860382, 0.24547851085663, 0.24616587162018, 0.24734258651733, 0.25004196166992, 0.25281667709351, 0.25690019130707, 0.26270806789398, 0.26760363578796, 0.26972210407257, 0.27720189094544, 0.28507483005524, 0.2931981086731, 0.3044046163559, 0.29230070114136, 0.2843074798584, 0.27663362026215, 0.25296831130981, 0.23799705505371, 0.21662521362305, 0.22403371334076, 0.20154905319214, 0.16566514968872, 0.1547155380249, 0.15229320526123, 0.15365767478943, 0.16815853118897, 0.20351028442383, 0.2067859172821, 0.23563838005066, 0.31775689125061, 0.2681257724762, 0.21865606307983, 0.17850756645203
0.057777166366577, 0.02713942527771, -0.0039770603179932, 0.0042264461517334, 0.060910224914551, 0.18534278869629, 0.47283244132996, 0.37412142753601, 0.3022563457489, 0.25022697448731, 0.20735120773315, 0.18483710289002, 0.16969990730286, 0.15688681602478, 0.21727657318115, 0.31742000579834, 0.3574686050415, 0.44146013259888, 0.5177001953125, 0.44579219818115, 0.38623523712158, 0.34288096427918, 0.33442091941834, 0.32724499702454, 0.32123160362244, 0.31628692150116, 0.31233596801758, 0.3093181848526, 0.30719316005707, 0.30592846870422, 0.30550932884216, 0.30592846870422, 0.30719316005707, 0.3093181848526, 0.31233620643616, 0.31628715991974, 0.3212320804596, 0.32724463939667, 0.33442306518555, 0.34288144111633, 0.35277342796326, 0.36428046226501, 0.37763285636902, 0.44500637054443, 0.56385684013367, 0.70365881919861, 0.67190337181091, 0.27526688575745, 0.15217232704163, 0.19959759712219, 0.25764489173889, 0.30767726898193, 0.29915690422058, 0.23539042472839, 0.23467588424683, 0.21449851989746, 0.23121953010559, 0.25918793678284, 0.29739379882813, 0.3402373790741, 0.36633968353272, 0.34986186027527, 0.33293414115906, 0.34950232505798, 0.36907696723938, 0.30137324333191, 0.20578670501709, 0.133544921875, 0.10994386672974, 0.18262767791748, 0.25531029701233, 0.2664680480957, 0.26513504981995, 0.26927554607391, 0.28147971630096, 0.26964974403381, 0.26724469661713, 0.25464355945587, 0.26292097568512, 0.27459108829498, 0.28465437889099, 0.28895652294159, 0.28616333007813, 0.28440272808075, 0.28204035758972, 0.27977085113525, 0.27872443199158, 0.27815079689026, 0.27790033817291, 0.27879345417023, 0.28106641769409, 0.28322160243988, 0.286789894104, 0.29119455814362, 0.29490888118744, 0.2997362613678, 0.29172515869141, 0.2988840341568, 0.30631291866303, 0.31556189060211, 0.3271632194519, 0.31990957260132, 0.30734825134277, 0.29768812656403, 0.27227473258972, 0.25919806957245, 0.24041748046875, 0.22520315647125, 0.22197651863098, 0.20772743225098, 0.2033052444458, 0.20062065124512, 0.2020480632782, 0.21342897415161, 0.21982574462891, 0.24530243873596, 0.23466014862061, 0.17442440986633, 0.12462520599365, 0.090333461761475
0.039307117462158, 0.017024993896484, 0.0017106533050537, 0.0058872699737549, 0.05323076248169, 0.12579774856567, 0.44246363639831, 0.42179489135742, 0.32671070098877, 0.27086806297302, 0.20835733413696, 0.17238974571228, 0.1609468460083, 0.15175342559815, 0.12807130813599, 0.14834332466125, 0.27147102355957, 0.38847208023071, 0.49120712280273, 0.55676245689392, 0.49392676353455, 0.43744897842407, 0.38483047485352, 0.34045553207398, 0.33419895172119, 0.32905650138855, 0.32494378089905, 0.32180535793304, 0.31959402561188, 0.31827902793884, 0.31784176826477, 0.31827902793884, 0.31959402561188, 0.32180535793304, 0.32494378089905, 0.32905650138855, 0.33419895172119, 0.34045553207398, 0.34792041778564, 0.35672235488892, 0.36701273918152, 0.41381645202637, 0.48231172561646, 0.57111716270447, 0.68139171600342, 0.37321257591248, 0.18794107437134, 0.082806825637817, 0.14747977256775, 0.18085837364197, 0.22354173660278, 0.26149582862854, 0.21845746040344, 0.19887685775757, 0.18804574012756, 0.17151045799255, 0.19771432876587, 0.22707176208496, 0.25996899604797, 0.29249334335327, 0.31776571273804, 0.30936503410339, 0.31063866615295, 0.32589650154114, 0.34944367408752, 0.30656433105469, 0.22697639465332, 0.15817737579346, 0.097269058227539, 0.16127419471741, 0.24086952209473, 0.2953794002533, 0.29846048355103, 0.30724561214447, 0.32983434200287, 0.31267583370209, 0.29882431030273, 0.30026721954346, 0.30865156650543, 0.31942999362946, 0.32642757892609, 0.32183754444122, 0.31818473339081, 0.31552541255951, 0.3115154504776, 0.30864107608795, 0.30712306499481, 0.30613124370575, 0.30591654777527, 0.30657541751862, 0.30845963954925, 0.3099627494812, 0.31342220306397, 0.3179566860199, 0.32188129425049, 0.3266863822937, 0.32363545894623, 0.31541240215302, 0.32069897651672, 0.32891011238098, 0.34012770652771, 0.34999251365662, 0.35544168949127, 0.33967196941376, 0.31440532207489, 0.29108846187592, 0.29214239120483, 0.2797257900238, 0.26795303821564, 0.26138114929199, 0.25215625762939, 0.24675822257996, 0.25303316116333, 0.25240397453308, 0.25063228607178, 0.25743532180786, 0.22744226455688, 0.16632318496704, 0.11135005950928, 0.07489013671875
0.11126780509949, 0.096974849700928, 0.08279538154602, 0.080369234085083, 0.12459135055542, 0.16674518585205, 0.441486120224, 0.50301861763, 0.3726007938385, 0.30189299583435, 0.24239706993103, 0.18410873413086, 0.15705323219299, 0.13415241241455, 0.11049032211304, 0.099657535552979, 0.12723851203918, 0.26532101631165, 0.44107913970947, 0.54285025596619, 0.60033082962036, 0.54271626472473, 0.48863887786865, 0.44226384162903, 0.40591049194336, 0.37662434577942, 0.3535041809082, 0.3368079662323, 0.33402466773987, 0.33264899253845, 0.33219480514526, 0.33264899253845, 0.33402490615845, 0.33633351325989, 0.33961820602417, 0.34391331672669, 0.35325241088867, 0.37348937988281, 0.4000871181488, 0.43383193016052, 0.48121070861816, 0.53973317146301, 0.61919260025024, 0.70915198326111, 0.32375741004944, 0.37386131286621, 0.38533163070679, 0.36364674568176, 0.17159676551819, 0.19089365005493, 0.22121977806091, 0.20300245285034, 0.19254422187805, 0.18419718742371, 0.16726565361023, 0.15418577194214, 0.16945767402649, 0.18826365470886, 0.223228931427, 0.2608687877655, 0.2963707447052, 0.31986284255981, 0.34203600883484, 0.34796667098999, 0.35730481147766, 0.31425762176514, 0.23132824897766, 0.17852115631103, 0.14011693000793, 0.16450691223145, 0.24387526512146, 0.3234236240387, 0.34715902805328, 0.36396682262421, 0.3414454460144, 0.33087432384491, 0.32975745201111, 0.34322321414947, 0.35448002815247, 0.36298775672913, 0.36041796207428, 0.35464227199554, 0.35024464130402, 0.34610903263092, 0.34129011631012, 0.3378701210022, 0.3359283208847, 0.33455574512482, 0.3342889547348, 0.33483970165253, 0.33635985851288, 0.3378289937973, 0.34060418605804, 0.34525549411774, 0.34946727752686, 0.35434639453888, 0.35931634902954, 0.34981024265289, 0.34061074256897, 0.34434819221497, 0.35301792621613, 0.36337947845459, 0.37495112419128, 0.38232040405273, 0.3616110086441, 0.34027028083801, 0.32002317905426, 0.33731031417847, 0.32668125629425, 0.31745266914368, 0.31275379657745, 0.31067895889282, 0.30789160728455, 0.30358815193176, 0.30100345611572, 0.31131100654602, 0.25620436668396, 0.18539190292358, 0.13677835464478, 0.12371468544006
0.15921974182129, 0.14247226715088, 0.12500691413879, 0.11198091506958, 0.14518809318543, 0.18255186080933, 0.37750768661499, 0.58950662612915, 0.46012663841248, 0.36163640022278, 0.29229640960693, 0.21062088012695, 0.14856648445129, 0.13461327552795, 0.12729787826538, 0.11492228507996, 0.091151237487793, 0.068736791610718, 0.15693926811218, 0.41737341880798, 0.40893626213074, 0.41845035552978, 0.52071833610535, 0.56008338928223, 0.52240347862244, 0.49168372154236, 0.46480941772461, 0.44707632064819, 0.43392062187195, 0.41912341117859, 0.41336417198181, 0.41270232200623, 0.41514825820923, 0.42192816734314, 0.43255829811096, 0.44576787948608, 0.46354699134827, 0.48763680458069, 0.51922035217285, 0.55781888961792, 0.60952687263489, 0.67381000518799, 0.21520662307739, 0.092104911804199, -0.033602714538574, 0.035748720169067, 0.27600526809692, 0.28320264816284, 0.28832507133484, 0.23208689689636, 0.17718148231506, 0.16974544525147, 0.11841225624085, 0.13340425491333, 0.14141440391541, 0.14741539955139, 0.15972805023193, 0.17217302322388, 0.20899605751038, 0.2474639415741, 0.28359031677246, 0.31249666213989, 0.34010744094849, 0.33588147163391, 0.32693386077881, 0.31923723220825, 0.262122631073, 0.22235488891602, 0.19602537155151, 0.18310856819153, 0.25449585914612, 0.33719980716705, 0.40196669101715, 0.37738931179047, 0.36390113830566, 0.35733306407929, 0.36747443675995, 0.37744748592377, 0.38756632804871, 0.39278256893158, 0.38929772377014, 0.38620531558991, 0.38276851177216, 0.37705099582672, 0.37179732322693, 0.36797773838043, 0.36556220054626, 0.36384642124176, 0.36332714557648, 0.3640034198761, 0.3651841878891, 0.36661756038666, 0.36926019191742, 0.37340402603149, 0.37796497344971, 0.38301563262939, 0.38948667049408, 0.38740742206573, 0.39757144451141, 0.39078652858734, 0.38430535793304, 0.39310455322266, 0.39674282073975, 0.40330898761749, 0.41019320487976, 0.39174020290375, 0.37288331985474, 0.37769591808319, 0.37636041641235, 0.36236393451691, 0.36983060836792, 0.36823463439941, 0.36873304843903, 0.36622428894043, 0.36615085601807, 0.373939037323, 0.30175685882568, 0.22842836380005, 0.1862645149231, 0.17259478569031
0.19044923782349, 0.17116236686707, 0.15788412094116, 0.14576578140259, 0.17809009552002, 0.22263479232788, 0.35296034812927, 0.64223432540894, 0.58202719688416, 0.4610288143158, 0.37112593650818, 0.30328106880188, 0.23931908607483, 0.16982960700989, 0.13278818130493, 0.10866641998291, 0.099550247192383, 0.084049463272095, 0.054216861724854, 0.2105598449707, 0.40221834182739, 0.20200800895691, 0.11060404777527, 0.44840049743652, 0.32248687744141, 0.61915278434753, 0.59079623222351, 0.57202219963074, 0.55001616477966, 0.53526902198792, 0.52797698974609, 0.52688598632813, 0.5297360420227, 0.53781294822693, 0.55005741119385, 0.56633567810059, 0.58896160125732, 0.61701273918152, 0.63365769386292, -0.043800830841065, 0.28244233131409, 0.27213716506958, 0.26102733612061, 0.25865960121155, 0.1899356842041, 0.0031991004943848, 0.047982454299927, 0.15809750556946, 0.16535091400147, 0.15808629989624, 0.16082191467285, 0.14117169380188, 0.1342408657074, 0.11352753639221, 0.094691514968872, 0.095003128051758, 0.10624647140503, 0.11845946311951, 0.15942883491516, 0.19907832145691, 0.24124002456665, 0.29181241989136, 0.34126830101013, 0.35181307792664, 0.34586405754089, 0.35680246353149, 0.32096385955811, 0.28862500190735, 0.26244449615478, 0.23540568351746, 0.23269617557526, 0.30052518844604, 0.35809481143951, 0.3849024772644, 0.39182937145233, 0.39722466468811, 0.40441083908081, 0.41300225257874, 0.41823470592499, 0.41481781005859, 0.41013276576996, 0.4071398973465, 0.40441477298737, 0.39992964267731, 0.39656639099121, 0.39424562454224, 0.39288365840912, 0.39192533493042, 0.39194011688232, 0.3929135799408, 0.39388728141785, 0.39510667324066, 0.39720451831818, 0.40028166770935, 0.40387046337128, 0.40758264064789, 0.41231822967529, 0.41815769672394, 0.42470395565033, 0.43094527721405, 0.42555487155914, 0.42235600948334, 0.43751633167267, 0.43927145004273, 0.44023787975311, 0.44472217559814, 0.43260085582733, 0.42430412769318, 0.41272640228272, 0.40847587585449, 0.40194427967072, 0.38983476161957, 0.3850200176239, 0.39615035057068, 0.42785143852234, 0.41842103004456, 0.35380053520203, 0.28737378120422, 0.2469117641449, 0.21837162971497
0.25354909896851, 0.23427891731262, 0.22207260131836, 0.21327972412109, 0.24045753479004, 0.28878021240234, 0.3576078414917, 0.60789299011231, 0.62221121788025, 0.47644829750061, 0.36995077133179, 0.26832580566406, 0.24033784866333, 0.21270775794983, 0.16437029838562, 0.14396357536316, 0.12399435043335, 0.095541954040527, 0.15201139450073, 0.32380342483521, 0.32684803009033, 0.3264012336731, 0.32622194290161, 0.32471108436585, 0.32415127754211, 0.3233425617218, 0.32268929481506, 0.098644495010376, -0.013824939727783, 0.12199234962463, 0.15176892280579, 0.41926264762878, 0.17205500602722, 0.062278032302856, 0.27251219749451, 0.26321625709534, 0.25139784812927, 0.23766255378723, 0.052906513214111, 0.17089629173279, 0.19624710083008, 0.18793606758118, 0.1808454990387, 0.17801642417908, 0.16218614578247, 0.12105703353882, 0.082236289978027, 0.06608247756958, 0.085591793060303, 0.096353530883789, 0.075122594833374, 0.053818941116333, 0.07546329498291, 0.084551095962524, 0.094074249267578, 0.12131786346436, 0.13116455078125, 0.14972281455994, 0.20800471305847, 0.26590037345886, 0.32161378860474, 0.37014174461365, 0.41796827316284, 0.42993879318237, 0.42163991928101, 0.41520476341248, 0.39513969421387, 0.35313963890076, 0.31254482269287, 0.2928831577301, 0.2767835855484, 0.29470181465149, 0.32443392276764, 0.35261726379394, 0.38867783546448, 0.43127286434174, 0.44286322593689, 0.44677770137787, 0.44339823722839, 0.4372011423111, 0.43313634395599, 0.43015849590302, 0.42502272129059, 0.42034149169922, 0.41680002212524, 0.41430449485779, 0.41254580020905, 0.41145133972168, 0.41132271289825, 0.41138780117035, 0.41228413581848, 0.41357243061066, 0.41565811634064, 0.41867971420288, 0.42239856719971, 0.42625176906586, 0.43100547790527, 0.4368326663971, 0.44371867179871, 0.45107436180115, 0.45971667766571, 0.46616661548615, 0.46830749511719, 0.485804438591, 0.48856377601624, 0.50468468666077, 0.49570977687836, 0.48237979412079, 0.47279191017151, 0.46418416500092, 0.45732843875885, 0.44475531578064, 0.4340535402298, 0.45409059524536, 0.49060201644898, 0.46191501617432, 0.4032027721405, 0.34554696083069, 0.31016230583191, 0.28151416778564
0.33276438713074, 0.32127594947815, 0.30974316596985, 0.30059003829956, 0.31655311584473, 0.36583018302918, 0.41992950439453, 0.51399517059326, 0.60541391372681, 0.57438325881958, 0.34179663658142, 0.31937170028687, 0.28758239746094, 0.27693867683411, 0.25628137588501, 0.20894813537598, 0.16212749481201, 0.15362548828125, 0.24948358535767, 0.25660729408264, 0.25860691070557, 0.26054286956787, 0.26175570487976, 0.25995349884033, 0.25756216049194, 0.25342321395874, 0.2446756362915, 0.23347997665405, 0.2221200466156, 0.21655058860779, 0.21127152442932, 0.20552611351013, 0.1995096206665, 0.19283723831177, 0.18437385559082, 0.17563319206238, 0.1697895526886, 0.16308879852295, 0.15654921531677, 0.0060067176818848, 0.13838481903076, 0.13054847717285, 0.11736154556274, 0.10667371749878, 0.095107316970825, 0.078061580657959, 0.077351570129395, 0.060743093490601, 0.04681921005249, 0.055303812026977, 0.064793348312378, 0.087650060653686, 0.060292482376099, 0.040673971176148, 0.045179843902588, 0.067116260528564, 0.087959051132202, 0.14209771156311, 0.23809719085693, 0.30427694320679, 0.36903166770935, 0.42192554473877, 0.47500681877136, 0.49842190742493, 0.48660612106323, 0.47859954833984, 0.47730851173401, 0.43817710876465, 0.39003252983093, 0.34848952293396, 0.33103227615356, 0.3007128238678, 0.31004285812378, 0.36739695072174, 0.41126477718353, 0.43468427658081, 0.45418417453766, 0.4650901556015, 0.46828401088715, 0.46255719661713, 0.4580225944519, 0.45304274559021, 0.44709396362305, 0.44227516651154, 0.43857264518738, 0.43592071533203, 0.4337911605835, 0.43245565891266, 0.43149554729462, 0.43147277832031, 0.43228960037231, 0.4335218667984, 0.43570196628571, 0.43869519233704, 0.44253635406494, 0.44650852680206, 0.45125532150269, 0.45706784725189, 0.46398746967316, 0.47166347503662, 0.48030662536621, 0.49034237861633, 0.50178694725037, 0.49702501296997, 0.48650944232941, 0.47485160827637, 0.53655827045441, 0.54087936878204, 0.53777647018433, 0.53112268447876, 0.51599204540253, 0.49438786506653, 0.49595510959625, 0.51414251327515, 0.51561510562897, 0.46037030220032, 0.40671253204346, 0.35784482955933, 0.34614610671997, 0.33832669258118
0.37304091453552, 0.36021757125854, 0.34805536270142, 0.34077215194702, 0.34587264060974, 0.387855052948, 0.4069836139679, 0.40198993682861, 0.49260687828064, 0.47128653526306, 0.41532826423645, 0.3652069568634, 0.3114058971405, 0.26245474815369, 0.23862814903259, 0.21979475021362, 0.20684051513672, 0.19848155975342, 0.19659471511841, 0.19298458099365, 0.19621586799622, 0.1991868019104, 0.19886183738708, 0.19748854637146, 0.19437980651855, 0.19027805328369, 0.18168187141418, 0.17892074584961, 0.17194437980652, 0.16465258598328, 0.15741539001465, 0.1508960723877, 0.14580130577087, 0.1410129070282, 0.13552021980286, 0.12953615188599, 0.12358045578003, 0.11535477638245, 0.10765552520752, 0.099658489227295, 0.016351461410522, 0.075075626373291, 0.064042568206787, 0.052231073379517, 0.053261280059815, 0.070070505142212, 0.085800647735596, 0.093811750411987, 0.079254150390625, 0.056146621704102, 0.065315246582031, 0.062628507614136, 0.058860301971435, 0.064359188079834, 0.095871448516846, 0.12870287895203, 0.16001081466675, 0.22554087638855, 0.30631041526794, 0.38283228874206, 0.45270752906799, 0.49886083602905, 0.5458128452301, 0.57766103744507, 0.55437874794006, 0.55253386497498, 0.52894854545593, 0.49970769882202, 0.46305239200592, 0.41645586490631, 0.39208841323853, 0.38232398033142, 0.38472235202789, 0.39154005050659, 0.40962135791779, 0.42467248439789, 0.44167983531952, 0.45037233829498, 0.45841014385223, 0.46587300300598, 0.4790700674057, 0.47584688663483, 0.47096705436706, 0.4660542011261, 0.46220588684082, 0.45923900604248, 0.45657014846802, 0.45460617542267, 0.45358467102051, 0.45348930358887, 0.45423078536987, 0.45541131496429, 0.45752227306366, 0.46057653427124, 0.46449875831604, 0.46867430210113, 0.47338831424713, 0.47914743423462, 0.48600018024445, 0.49139738082886, 0.49116384983063, 0.48925065994263, 0.46710443496704, 0.45791184902191, 0.44774925708771, 0.43653833866119, 0.42419242858887, 0.48898041248322, 0.55055618286133, 0.61082684993744, 0.58245038986206, 0.56228935718536, 0.55350506305695, 0.54711937904358, 0.49877166748047, 0.44983124732971, 0.40818762779236, 0.3846960067749, 0.38233780860901, 0.378821849823
0.43533611297607, 0.4285569190979, 0.41907286643982, 0.4093930721283, 0.39982533454895, 0.39095234870911, 0.38725471496582, 0.38205647468567, 0.37062883377075, 0.35874962806702, 0.34951782226563, 0.33245301246643, 0.3120059967041, 0.27191305160523, 0.22742390632629, 0.21075367927551, 0.20060992240906, 0.19087362289429, 0.18001675605774, 0.16709208488464, 0.15650177001953, 0.15128469467163, 0.13948512077332, 0.13397359848023, 0.13408780097961, 0.13258266448975, 0.13105177879333, 0.129469871521, 0.12428092956543, 0.11868023872375, 0.11236524581909, 0.10736203193665, 0.10237693786621, 0.097541570663452, 0.091901540756226, 0.08577823638916, 0.079489946365356, 0.071502685546875, 0.062058925628662, 0.053157806396484, 0.048744678497315, 0.05834436416626, 0.071569442749023, 0.092033863067627, 0.10855031013489, 0.099229097366333, 0.098547458648682, 0.10998845100403, 0.14762330055237, 0.15583229064941, 0.13128137588501, 0.10582208633423, 0.085064649581909, 0.090568065643311, 0.10918712615967, 0.13404369354248, 0.16697263717651, 0.25723934173584, 0.3515191078186, 0.44995141029358, 0.54156804084778, 0.58998608589172, 0.63340330123901, 0.67604684829712, 0.6443362236023, 0.62733387947082, 0.59084868431091, 0.56186497211456, 0.52059054374695, 0.48481917381287, 0.47304129600525, 0.46063911914825, 0.44066226482391, 0.42345082759857, 0.40966308116913, 0.41797411441803, 0.42695415019989, 0.43527317047119, 0.46490347385407, 0.48918986320496, 0.48679792881012, 0.48402142524719, 0.48178637027741, 0.48008668422699, 0.47891664505005, 0.47813332080841, 0.47678351402283, 0.47600364685059, 0.47578585147858, 0.47609663009644, 0.47694611549377, 0.47789359092712, 0.47940742969513, 0.48148858547211, 0.48414182662964, 0.48670554161072, 0.48943269252777, 0.49255418777466, 0.49626958370209, 0.49058425426483, 0.47937297821045, 0.47873938083649, 0.47808825969696, 0.44407546520233, 0.41183650493622, 0.41153228282929, 0.44490373134613, 0.4770040512085, 0.52083921432495, 0.56979537010193, 0.66321074962616, 0.65797364711761, 0.64077568054199, 0.61091506481171, 0.55572783946991, 0.50174534320831, 0.45372796058655, 0.43322777748108, 0.43418431282044, 0.43489336967468
0.43580794334412, 0.42230844497681, 0.41771292686462, 0.41536593437195, 0.39967012405396, 0.37626719474793, 0.36500763893127, 0.35305690765381, 0.34077048301697, 0.32817435264587, 0.3113739490509, 0.28868460655212, 0.27445435523987, 0.26211619377136, 0.25696611404419, 0.23608994483948, 0.2067928314209, 0.18970060348511, 0.17962837219238, 0.16998171806335, 0.16074728965759, 0.14606952667236, 0.13169384002686, 0.12413263320923, 0.11541867256165, 0.10539364814758, 0.099009275436401, 0.093549251556396, 0.086959362030029, 0.079037189483643, 0.073715209960938, 0.068873882293701, 0.064956665039063, 0.061999082565308, 0.059995889663696, 0.060301065444946, 0.063306570053101, 0.067360401153564, 0.071917295455933, 0.077290773391724, 0.081990242004395, 0.1181914806366, 0.1313419342041, 0.14509844779968, 0.16087222099304, 0.162926197052, 0.18012237548828, 0.18434000015259, 0.1824095249176, 0.18720316886902, 0.17792987823486, 0.17257785797119, 0.1837809085846, 0.20034503936768, 0.21728277206421, 0.23241066932678, 0.26065516471863, 0.31171822547913, 0.36614751815796, 0.44261360168457, 0.52931880950928, 0.61301517486572, 0.68690609931946, 0.76164388656616, 0.74390649795532, 0.68407773971558, 0.6406022310257, 0.62258958816528, 0.61137282848358, 0.58180916309357, 0.54669070243835, 0.5158976316452, 0.49101066589356, 0.47915840148926, 0.46688973903656, 0.45035564899445, 0.45738840103149, 0.48192226886749, 0.50183999538422, 0.49927794933319, 0.4960960149765, 0.49343526363373, 0.49148333072662, 0.49079144001007, 0.49056756496429, 0.48893845081329, 0.48774313926697, 0.4869784116745, 0.48674619197845, 0.48704302310944, 0.48770928382874, 0.48859858512878, 0.49001753330231, 0.49197328090668, 0.49404573440552, 0.49621272087097, 0.49891591072082, 0.50215375423431, 0.50588500499725, 0.50996875762939, 0.49850308895111, 0.47302436828613, 0.46746909618378, 0.46691882610321, 0.47833681106567, 0.48617446422577, 0.49666357040405, 0.5286009311676, 0.58669221401215, 0.6262778043747, 0.66044557094574, 0.70057702064514, 0.7515754699707, 0.6965743303299, 0.63645744323731, 0.57670259475708, 0.53161835670471, 0.50494396686554, 0.480095744133, 0.45704436302185
0.53251671791077, 0.50569868087769, 0.47384905815125, 0.44414448738098, 0.41348052024841, 0.36950778961182, 0.34548401832581, 0.33510327339172, 0.32027792930603, 0.30344223976135, 0.28216648101807, 0.2602071762085, 0.23748970031738, 0.23130249977112, 0.22899436950684, 0.22629261016846, 0.22328519821167, 0.2204155921936, 0.20301795005798, 0.18325853347778, 0.16677403450012, 0.15900421142578, 0.15181159973145, 0.14518022537231, 0.136559009552, 0.13036346435547, 0.12516069412231, 0.11927485466003, 0.11145853996277, 0.10686659812927, 0.10452079772949, 0.10135793685913, 0.098811388015747, 0.098078012466431, 0.098677635192871, 0.10007214546204, 0.10219168663025, 0.10606694221497, 0.11057019233704, 0.11594033241272, 0.12219047546387, 0.14331197738648, 0.19793272018433, 0.22036552429199, 0.27765417098999, 0.24213981628418, 0.22499418258667, 0.21209144592285, 0.21342825889587, 0.21540951728821, 0.21805691719055, 0.2212827205658, 0.22508192062378, 0.23102617263794, 0.23666453361511, 0.25890803337097, 0.32078051567078, 0.38550567626953, 0.45350337028503, 0.52646327018738, 0.5939404964447, 0.64681482315063, 0.69894766807556, 0.75025057792664, 0.77058386802673, 0.73019003868103, 0.70139396190643, 0.67747044563294, 0.65562868118286, 0.63571381568909, 0.60298919677734, 0.58181321620941, 0.56361174583435, 0.54582965373993, 0.54226851463318, 0.55038285255432, 0.55912947654724, 0.5477192401886, 0.53061473369598, 0.51596117019653, 0.50828719139099, 0.5065404176712, 0.5053037405014, 0.50456249713898, 0.5030757188797, 0.50152158737183, 0.5004665851593, 0.49979245662689, 0.49955701828003, 0.49981653690338, 0.50032377243042, 0.50114488601685, 0.50246465206146, 0.50393104553223, 0.50547587871552, 0.50750756263733, 0.51003003120422, 0.51305854320526, 0.5165981054306, 0.52065753936768, 0.52525246143341, 0.52605760097504, 0.52553284168243, 0.52658891677856, 0.53953373432159, 0.56184887886047, 0.58729660511017, 0.61559426784515, 0.63793420791626, 0.66879904270172, 0.75400876998901, 0.81765687465668, 0.80338871479034, 0.77153992652893, 0.72418630123138, 0.68534994125366, 0.65167391300201, 0.61923050880432, 0.58727598190308, 0.55974078178406
0.57940745353699, 0.54392015933991, 0.50285422801971, 0.46263670921326, 0.42334020137787, 0.38234722614288, 0.33656764030456, 0.30955100059509, 0.29409694671631, 0.2765212059021, 0.25916266441345, 0.24492502212524, 0.23325157165527, 0.22153258323669, 0.20979833602905, 0.20571851730347, 0.2035026550293, 0.20127868652344, 0.19934964179993, 0.19723200798035, 0.19557309150696, 0.19439363479614, 0.19098997116089, 0.18022131919861, 0.17061233520508, 0.16206789016724, 0.15463018417358, 0.14846539497375, 0.14500021934509, 0.14226794242859, 0.14020824432373, 0.13882780075073, 0.13740229606628, 0.13733267784119, 0.13838171958923, 0.14164161682129, 0.14610195159912, 0.1519021987915, 0.15932416915894, 0.15936493873596, 0.15731287002563, 0.15535521507263, 0.18505430221558, 0.20080375671387, 0.24693179130554, 0.29539465904236, 0.2970335483551, 0.27189254760742, 0.24986433982849, 0.23216223716736, 0.23386192321777, 0.23571753501892, 0.23772406578064, 0.23987054824829, 0.25107336044312, 0.30273103713989, 0.35635948181152, 0.4117648601532, 0.46933698654175, 0.52904391288757, 0.58526849746704, 0.63203620910644, 0.67837357521057, 0.72417402267456, 0.76933193206787, 0.75597178936005, 0.72643554210663, 0.70981049537659, 0.70398116111755, 0.69005954265595, 0.67006707191467, 0.65211498737335, 0.65116059780121, 0.65280306339264, 0.65521490573883, 0.63987624645233, 0.6254825592041, 0.60835754871368, 0.59318661689758, 0.57920300960541, 0.56658315658569, 0.55570006370544, 0.54646027088165, 0.53793215751648, 0.53013348579407, 0.52379310131073, 0.51886141300201, 0.51529824733734, 0.51442956924438, 0.51465058326721, 0.51499092578888, 0.51574802398682, 0.51646971702576, 0.5181610584259, 0.52261328697205, 0.52842557430267, 0.53563463687897, 0.54429709911346, 0.55446338653564, 0.56620252132416, 0.57960379123688, 0.59474670886993, 0.61231446266174, 0.63053286075592, 0.63612377643585, 0.64353346824646, 0.65341675281525, 0.67335212230682, 0.70349001884461, 0.73668384552002, 0.74582135677338, 0.74789392948151, 0.74999141693115, 0.73257100582123, 0.71989440917969, 0.71166551113129, 0.68960034847259, 0.65993738174438, 0.63140940666199, 0.60463035106659
0.64984202384949, 0.61453580856323, 0.56186366081238, 0.51061367988586, 0.46084272861481, 0.41093873977661, 0.35822224617004, 0.30681586265564, 0.27296805381775, 0.25906205177307, 0.24912118911743, 0.23893570899963, 0.22852873802185, 0.21945190429688, 0.21058821678162, 0.20344853401184, 0.19639658927918, 0.18944931030273, 0.18528699874878, 0.1835150718689, 0.18248605728149, 0.18160653114319, 0.18071031570435, 0.17968583106995, 0.17853283882141, 0.17713832855225, 0.17562341690063, 0.1745183467865, 0.1734778881073, 0.17227673530579, 0.17075800895691, 0.16915440559387, 0.1671941280365, 0.16563057899475, 0.16399526596069, 0.1622679233551, 0.16025876998901, 0.15820574760437, 0.15622067451477, 0.15454530715942, 0.15290570259094, 0.15129065513611, 0.14965534210205, 0.16077327728272, 0.15268874168396, 0.16012215614319, 0.19749355316162, 0.23401761054993, 0.26944446563721, 0.30352520942688, 0.31267833709717, 0.29852271080017, 0.28674983978272, 0.28588223457336, 0.31085395812988, 0.34327125549316, 0.3887312412262, 0.43583822250366, 0.48454093933106, 0.53479385375977, 0.59047198295593, 0.64643120765686, 0.70277142524719, 0.75933313369751, 0.81596720218658, 0.86407482624054, 0.82598805427551, 0.79830384254456, 0.78710603713989, 0.78201508522034, 0.77313101291657, 0.76974356174469, 0.76038980484009, 0.7452780008316, 0.72853910923004, 0.70962250232697, 0.6909019947052, 0.67411124706268, 0.65915191173554, 0.64591252803803, 0.63430428504944, 0.62662208080292, 0.61630809307098, 0.60713851451874, 0.59942376613617, 0.59311974048615, 0.58818590641022, 0.58459734916687, 0.58230745792389, 0.58131492137909, 0.58079266548157, 0.5813148021698, 0.58312320709229, 0.58630907535553, 0.59085369110107, 0.5967720746994, 0.60409677028656, 0.61286854743957, 0.62313854694366, 0.63496744632721, 0.64841568470001, 0.66356360912323, 0.68049585819244, 0.69932413101196, 0.72024977207184, 0.74328541755676, 0.76851844787598, 0.7927633523941, 0.79083836078644, 0.77927887439728, 0.76889622211456, 0.75970315933227, 0.75185573101044, 0.74949312210083, 0.75468051433563, 0.75101566314697, 0.73186600208283, 0.71214532852173, 0.6918705701828, 0.67108941078186
0.64583933353424, 0.60998821258545, 0.56369888782501, 0.51828300952911, 0.47370171546936, 0.43002557754517, 0.38731825351715, 0.34563517570496, 0.30465984344482, 0.26402091979981, 0.24300932884216, 0.23232173919678, 0.22584080696106, 0.2199969291687, 0.21421217918396, 0.20855402946472, 0.20295119285583, 0.1974470615387, 0.19205403327942, 0.1870322227478, 0.18291234970093, 0.17897391319275, 0.17522978782654, 0.17169094085693, 0.16837358474731, 0.16684341430664, 0.16611552238464, 0.16534852981567, 0.16450238227844, 0.16356945037842, 0.16256499290466, 0.16147780418396, 0.16019248962402, 0.15885615348816, 0.15752744674683, 0.15614366531372, 0.15471243858337, 0.15459370613098, 0.15489435195923, 0.15539646148682, 0.1547122001648, 0.1543562412262, 0.15455412864685, 0.15506839752197, 0.15570855140686, 0.15646004676819, 0.15732979774475, 0.15830659866333, 0.1593976020813, 0.15980124473572, 0.17798948287964, 0.20644235610962, 0.26216626167297, 0.319744348526, 0.37854051589966, 0.42885136604309, 0.45806384086609, 0.48814153671265, 0.51896286010742, 0.55045294761658, 0.59661984443665, 0.64366066455841, 0.69063436985016, 0.74371266365051, 0.80078077316284, 0.85955739021301, 0.91669261455536, 0.90871751308441, 0.89863467216492, 0.87529027462006, 0.85617256164551, 0.840376496315, 0.82614588737488, 0.81000971794128, 0.79360055923462, 0.77862286567688, 0.76561796665192, 0.75141930580139, 0.73895239830017, 0.7281379699707, 0.71761631965637, 0.70580577850342, 0.69545018672943, 0.68652212619782, 0.67898559570313, 0.67279398441315, 0.66793012619019, 0.66453409194946, 0.66268730163574, 0.66209042072296, 0.66166710853577, 0.66253697872162, 0.66461670398712, 0.66772890090942, 0.6721453666687, 0.67788660526276, 0.68497598171234, 0.69344937801361, 0.70334219932556, 0.71469438076019, 0.72756469249725, 0.74200856685638, 0.75808572769165, 0.7758823633194, 0.79555380344391, 0.80374228954315, 0.81189179420471, 0.82061016559601, 0.82989811897278, 0.83976709842682, 0.84991729259491, 0.85741806030273, 0.85507333278656, 0.85419964790344, 0.84086263179779, 0.79844796657562, 0.76375961303711, 0.73511278629303, 0.70586919784546, 0.67609548568726
0.63692820072174, 0.60357797145843, 0.56564569473267, 0.52964556217194, 0.49432039260864, 0.45973289012909, 0.42554378509522, 0.39177989959717, 0.35884356498718, 0.32679665088654, 0.29568684101105, 0.26557219028473, 0.23752987384796, 0.22634816169739, 0.21860480308533, 0.21419048309326, 0.20984268188477, 0.20557308197022, 0.20162725448608, 0.19831371307373, 0.19513273239136, 0.19209623336792, 0.18923544883728, 0.18654632568359, 0.18393921852112, 0.18147253990173, 0.17924404144287, 0.17769861221313, 0.17634415626526, 0.17518496513367, 0.17422890663147, 0.17347574234009, 0.17264819145203, 0.17111444473267, 0.16959595680237, 0.16828489303589, 0.16731691360474, 0.16739869117737, 0.16762924194336, 0.1680154800415, 0.16855406761169, 0.16924476623535, 0.16766810417175, 0.1677188873291, 0.16792583465576, 0.16829633712769, 0.1688232421875, 0.17011117935181, 0.17719912528992, 0.20132684707642, 0.22770643234253, 0.25528001785278, 0.28398990631103, 0.313796043396, 0.34313035011291, 0.37121534347534, 0.40055358409882, 0.43470001220703, 0.4775927066803, 0.52297139167786, 0.57790875434875, 0.63186991214752, 0.68457067012787, 0.73572587966919, 0.78505837917328, 0.84154868125916, 0.90082585811615, 0.9602746963501, 0.97080874443054, 0.94944024085999, 0.92963707447052, 0.91135573387146, 0.8945460319519, 0.87936782836914, 0.86583244800568, 0.85358154773712, 0.84257924556732, 0.83278298377991, 0.82267832756043, 0.81182837486267, 0.80207884311676, 0.79340279102325, 0.78577661514282, 0.77945387363434, 0.77278006076813, 0.76723790168762, 0.76293671131134, 0.75985753536224, 0.75799179077148, 0.75714886188507, 0.75674700737, 0.75754678249359, 0.75954127311706, 0.76273787021637, 0.76714396476746, 0.77277982234955, 0.77963352203369, 0.78727912902832, 0.79131460189819, 0.79396867752075, 0.79806292057037, 0.8026020526886, 0.80759346485138, 0.81303417682648, 0.81899785995483, 0.82541418075562, 0.83228349685669, 0.83960139751434, 0.84851157665253, 0.85805022716522, 0.86811602115631, 0.8787122964859, 0.88983535766602, 0.86399054527283, 0.8325526714325, 0.80063486099243, 0.76832675933838, 0.73576092720032, 0.70295333862305, 0.66998183727264
0.6280175447464, 0.60312628746033, 0.57481932640076, 0.54737424850464, 0.52033078670502, 0.49373579025269, 0.46765053272247, 0.44213736057282, 0.41724240779877, 0.39301955699921, 0.36952304840088, 0.3467880487442, 0.32487213611603, 0.3038215637207, 0.28367125988007, 0.26445627212524, 0.24615299701691, 0.22886216640472, 0.21963512897491, 0.21330606937408, 0.20734405517578, 0.20497941970825, 0.20281958580017, 0.2007794380188, 0.19885921478272, 0.1970739364624, 0.19542026519775, 0.19390940666199, 0.19273853302002, 0.1919002532959, 0.19108104705811, 0.19026565551758, 0.18959355354309, 0.18862366676331, 0.18752241134644, 0.1865758895874, 0.18578743934631, 0.18515777587891, 0.18469023704529, 0.1843888759613, 0.18424963951111, 0.18690037727356, 0.19132828712463, 0.19877409934998, 0.21434950828552, 0.230952501297, 0.24787616729736, 0.26444470882416, 0.28139936923981, 0.29960215091705, 0.31901443004608, 0.33959352970123, 0.36130094528198, 0.38408231735229, 0.40788376331329, 0.43265533447266, 0.45833075046539, 0.48484492301941, 0.51213932037354, 0.54486644268036, 0.58429384231567, 0.62442409992218, 0.6651417016983, 0.70634245872498, 0.74791789054871, 0.78975605964661, 0.83172559738159, 0.87371456623077, 0.91558349132538, 0.95721328258514, 0.99846029281616, 0.99248683452606, 0.97860765457153, 0.9648289680481, 0.9514445066452, 0.93814122676849, 0.92578053474426, 0.91440534591675, 0.90400743484497, 0.89461827278137, 0.88639605045319, 0.87908923625946, 0.87267518043518, 0.86715364456177, 0.86250174045563, 0.85872268676758, 0.85580539703369, 0.85374212265015, 0.85253286361694, 0.8518373966217, 0.85157442092895, 0.85215818881989, 0.85358774662018, 0.84434509277344, 0.83670234680176, 0.83958864212036, 0.84308576583862, 0.84719276428223, 0.85191464424133, 0.85725438594818, 0.86320865154266, 0.85758674144745, 0.85029923915863, 0.84398198127747, 0.84694957733154, 0.85304665565491, 0.85953414440155, 0.86638486385346, 0.87359476089477, 0.8811526298523, 0.86424815654755, 0.84257161617279, 0.82030391693115, 0.79749953746796, 0.77423107624054, 0.75054144859314, 0.72650039196014, 0.70216572284698, 0.67759907245636, 0.6528662443161
0.61915409564972, 0.60271871089935, 0.58611845970154, 0.56658339500427, 0.54856741428375, 0.53080487251282, 0.51334524154663, 0.49624240398407, 0.47958469390869, 0.46337163448334, 0.44763875007629, 0.43242335319519, 0.41759932041168, 0.40328562259674, 0.38956272602081, 0.37646520137787, 0.36402380466461, 0.35226893424988, 0.34121978282929, 0.33089983463287, 0.32133936882019, 0.31255400180817, 0.30457031726837, 0.29740035533905, 0.29115843772888, 0.28581404685974, 0.28133702278137, 0.27773833274841, 0.27502608299255, 0.27321147918701, 0.27217555046081, 0.27203369140625, 0.27279329299927, 0.27442753314972, 0.27633059024811, 0.27930736541748, 0.28318250179291, 0.28794729709625, 0.29358661174774, 0.30009710788727, 0.30745911598206, 0.31566154956818, 0.32468485832214, 0.33451008796692, 0.34511017799377, 0.35643136501312, 0.36848545074463, 0.38124918937683, 0.39469194412231, 0.40877938270569, 0.42349219322205, 0.43878018856049, 0.4546172618866, 0.47096407413483, 0.48778319358826, 0.50503182411194, 0.52266383171081, 0.5406414270401, 0.5602570772171, 0.58542394638062, 0.61108982563019, 0.63695895671845, 0.66298139095306, 0.68906927108765, 0.71516823768616, 0.74119853973389, 0.76709055900574, 0.79277157783508, 0.81816112995148, 0.84318614006043, 0.8677624464035, 0.89182448387146, 0.91528427600861, 0.93806493282318, 0.96009004116058, 0.98128628730774, 1.0015732049942, 1.0105005502701, 1.0025171041489, 0.99522793292999, 0.98863697052002, 0.98274421691894, 0.97754204273224, 0.97303402423859, 0.96923613548279, 0.96625900268555, 0.96398019790649, 0.96239578723908, 0.96157073974609, 0.96088421344757, 0.96088790893555, 0.96158242225647, 0.96287131309509, 0.96473217010498, 0.95780718326569, 0.94880318641663, 0.94065082073212, 0.93335008621216, 0.92691254615784, 0.92903017997742, 0.93383717536926, 0.93912768363953, 0.94489407539368, 0.94493985176086, 0.93062222003937, 0.9154953956604, 0.89643597602844, 0.87136888504028, 0.84646248817444, 0.82176756858826, 0.79732942581177, 0.77319061756134, 0.74940454959869, 0.73132336139679, 0.71588563919067, 0.70017182826996, 0.68423521518707, 0.66811454296112, 0.65189027786255, 0.63555872440338
0.62197518348694, 0.61154627799988, 0.6011518239975, 0.59081852436066, 0.58057272434235, 0.57044959068298, 0.5613728761673, 0.55267858505249, 0.54416704177856, 0.53586602210999, 0.52777898311615, 0.51994395256043, 0.51236855983734, 0.50507211685181, 0.49808132648468, 0.49141144752502, 0.48507404327393, 0.47908389568329, 0.47346091270447, 0.46821582317352, 0.46336817741394, 0.45891749858856, 0.45488345623016, 0.45127737522125, 0.44809925556183, 0.44536399841309, 0.44307959079742, 0.44124579429626, 0.4398707151413, 0.43895757198334, 0.43850684165955, 0.43852210044861, 0.43898057937622, 0.43986678123474, 0.44121921062469, 0.44299936294556, 0.44489800930023, 0.44724714756012, 0.45004725456238, 0.45341646671295, 0.45723700523376, 0.46148097515106, 0.46613776683807, 0.47120296955109, 0.47665452957153, 0.48248767852783, 0.48867619037628, 0.495197057724, 0.50205433368683, 0.50922083854675, 0.51668918132782, 0.52443623542786, 0.53243935108185, 0.54067957401276, 0.54914474487305, 0.55800366401672, 0.56802368164063, 0.5801488161087, 0.59255266189575, 0.60509419441223, 0.61773490905762, 0.63044428825378, 0.64319217205048, 0.65593612194061, 0.66864168643951, 0.6812824010849, 0.69380879402161, 0.70619332790375, 0.71839475631714, 0.73038637638092, 0.74212527275086, 0.75357830524445, 0.76470983028412, 0.77548635005951, 0.78587710857391, 0.79584765434265, 0.80536723136902, 0.81440186500549, 0.82293236255646, 0.83092403411865, 0.83834636211395, 0.84518814086914, 0.8514187335968, 0.85702288150787, 0.86205399036408, 0.86645865440369, 0.87012207508087, 0.8727810382843, 0.8747444152832, 0.87599754333496, 0.87653982639313, 0.87637186050415, 0.87549686431885, 0.87390410900116, 0.87161588668823, 0.86863219738007, 0.86495721340179, 0.85822606086731, 0.84628844261169, 0.83396089076996, 0.8212856054306, 0.80829739570618, 0.79503381252289, 0.78154134750366, 0.77076494693756, 0.76352953910828, 0.75590837001801, 0.74791669845581, 0.739577293396, 0.73091340065002, 0.72195887565613, 0.71272957324982, 0.70325970649719, 0.69357168674469, 0.68369281291962, 0.67364621162415, 0.66347301006317, 0.65318560600281, 0.64282536506653, 0.63241171836853
0.62554550170898, 0.62554550170898, 0.62554550170898, 0.62554550170898, 0.62554550170898, 0.62554550170898, 0.62554550170898, 0.62554550170898, 0.62554550170898, 0.62554550170898, 0.62554550170898, 0.62554550170898, 0.62554550170898, 0.62554550170898, 0.62554550170898, 0.62554550170898, 0.62554550170898, 0.62554550170898, 0.62554550170898, 0.62554550170898, 0.62554550170898, 0.62554550170898, 0.62554550170898, 0.62554550170898, 0.62554550170898, 0.62554550170898, 0.62554550170898, 0.62554550170898, 0.62554550170898, 0.62554550170898, 0.62554550170898, 0.62554550170898, 0.62554550170898, 0.62554550170898, 0.62554550170898, 0.62554550170898, 0.62554550170898, 0.62554550170898, 0.62554550170898, 0.62554550170898, 0.62554550170898, 0.62554550170898, 0.62554550170898, 0.62554550170898, 0.62554550170898, 0.62554550170898, 0.62554550170898, 0.62554550170898, 0.62554550170898, 0.62554550170898, 0.62554550170898, 0.62554550170898, 0.62554550170898, 0.62554550170898, 0.62554550170898, 0.62554550170898, 0.62554550170898, 0.62554550170898, 0.62554550170898, 0.62554550170898, 0.62554550170898, 0.62554550170898, 0.62554550170898, 0.62554550170898, 0.62554550170898, 0.62554550170898, 0.62554550170898, 0.62554550170898, 0.62554550170898, 0.62554550170898, 0.62554550170898, 0.62554550170898, 0.62554550170898, 0.62554550170898, 0.62554550170898, 0.62554550170898, 0.62554550170898, 0.62554550170898, 0.62554550170898, 0.62554550170898, 0.62554168701172, 0.62554168701172, 0.62554168701172, 0.62554168701172, 0.62554168701172, 0.62554168701172, 0.62554168701172, 0.62554168701172, 0.62554168701172, 0.62554168701172, 0.62554168701172, 0.62554168701172, 0.62554168701172, 0.62554168701172, 0.62554168701172, 0.62554168701172, 0.62554168701172, 0.62554168701172, 0.62554168701172, 0.62554168701172, 0.62554168701172, 0.62554550170898, 0.62554550170898, 0.62554550170898, 0.62554550170898, 0.62554550170898, 0.62554550170898, 0.62554550170898, 0.62554550170898, 0.62554550170898, 0.62554550170898, 0.62554550170898, 0.62554550170898, 0.62554550170898, 0.62554550170898, 0.62554550170898, 0.62554550170898, 0.62554550170898, 0.62554550170898, 0.62554550170898
